0.004631870031109575
0.20573798824749395
0.46899412374697547
0.6221223643276875
0.5190459730383685
0.4174213619080539
0.4605599723470446
0.555686138956101
0.1888005530591082
0.6170756999654338
0.7166263394400276
0.4650535776011061
0.37718631178707224
0.044659522986519186
0.01659177324576564
0.005184929139301763
0.39695817490494295
0.6965088143795368
0.6651227099896302
0.3003110957483581
0.23892153473902522
0.15139993086761147
0.02053231939163498
0.31952989975803664
0.4367092983062565
0.41866574490148634
0.5704113377117179
0.5782232976149326
0.2660905634289665
0.18479087452471482
0.14317317663325269
0.5404078810922918
0.6436225371586588
0.6623574144486692
0.561562391980643
0.24272381610784652
0.20076045627376427
0.11780159004493605
0.021223643276875218
0.0
0.01064638783269962
0.004631870031109575
0.0045627376425855515
0.0045627376425855515
0.0045627376425855515
0.01320428620808849
0.3105426892499136
0.5325959211890771
0.3032837884548911
0.6432077428275147
0.6004839267196682
0.6546837193225026
1.0
0.8686484618043553
0.3220186657449015
0.2955409609402005
0.2014517801590045
0.22198409955063947
0.37773937089526444
0.5074317317663325
0.42336674732111995
0.3713791911510543
0.4226062910473557
0.0752851711026616
0.13425509851365364
0.561700656757691
0.603180089872105
0.7063256135499482
0.5712409263740063
0.21949533356377463
0.6673349464223989
0.3328724507431732
0.2909782232976149
0.18458347735914277
0.10722433460076046
0.35596266851019703
0.20421707569996544
0.291185620463187
0.3583131697200138
0.6638783269961978
0.6358797096439682
0.5102661596958175
0.1614241272035949
0.09533356377462841
0.20898721050812305
0.6860698237124092
0.4229519529899758
0.4197027307293467
0.5797442101624611
0.33162806774974074
0.26332526788800553
0.21548565502938127
0.1634980988593156
0.1238161078465261
0.10860698237124093
0.035672312478396126
0.01776702385067404
0.008710680954026962
0.004631870031109575
