0.02687476208602969
0.274229158736201
0.6086791016368481
0.4624286258089075
0.6761324704986676
0.675599543205177
0.16124857251617816
0.5196041111534069
0.4702702702702703
0.5818804720213171
0.45138941758660067
0.38568709554625047
0.275599543205177
0.2023601065854587
0.25572896840502474
0.19017891130567188
0.09219642177388657
0.0
0.04400456794822992
0.02687476208602969
0.4810049486105824
0.9932242101256186
1.0
0.25885039969547013
0.14290064712599923
0.14175866006851923
0.3503616292348687
0.4842786448420251
0.6358583936048725
0.8357822611343738
0.47575180814617435
0.40905976398934146
0.3647506661591169
0.34708793300342594
0.881994670727065
0.6146935668062429
0.6784164446136277
0.16368481157213552
0.07757898743814237
0.6175104682146936
0.474000761324705
0.43288922725542445
0.23547773125237914
0.1029311001141987
0.05024743052912067
0.03760944042634184
0.02687476208602969
