0.021107795327170827
0.42681417861561977
0.5124099279423538
0.41713370696557245
0.4602955091345804
0.3730256932818982
0.2971832011063396
0.4241211150738773
0.6870951306499745
0.4307445956765412
0.13923866365819929
0.15459640439624428
0.11012446320692917
0.03857631559793289
0.1535774073804498
0.8806317781497925
0.36094330009462117
0.19441007351335615
0.03093383797947449
0.02503821238809229
0.018705873789941044
0.02307300385763156
0.09869713952980566
0.3339398791760681
0.5184511245359924
0.0
0.3645097896499017
0.44042506732658854
0.45512773855447997
0.7916878957711624
0.5667806972851008
0.15095712933983552
0.6935730402503821
0.3511900429434457
0.1783244777640294
0.3431108523182182
0.6169299075624136
0.7520197976563069
0.6913166897154087
0.4442099133852537
0.3000946211514666
0.18341946284300167
0.29245214353300825
0.5865055680908363
0.4117475798820875
0.39558919863163255
0.06674430453453672
0.2869932309483951
0.8330300604119659
0.28000582284009023
0.07227600262027804
0.02103500982604265
0.2692335686731203
0.40505131377829534
0.6130722760026203
0.4310357376810539
0.23939151321056845
0.21879321639129484
0.40046582720722035
0.14178615619768542
0.029114200451270108
0.5562995851226435
0.8861634762355339
1.0
0.8436567435766795
0.49392241065579734
0.36006987408108304
0.11463716427687605
0.06354174248489701
0.033772472523473325
0.0332629740155761
0.0544435548438751
0.0409054516340345
0.018997015794453745
