0.0
0.0012418931971850422
0.3337932937767352
0.2779080999034083
0.3847799089278322
0.3858148199254864
0.33496619290741
0.26176348834000274
0.23878846419207947
0.03622188491789706
0.005450531254312129
6.899406651028011e-05
0.025596798675313923
0.046639988960949355
0.3838139919966883
0.8181316406789017
0.8384848902994343
0.530288395198013
0.15640954877880503
0.7030495377397544
0.9055471229474266
0.7889471505450532
0.2185732027045674
0.040085552642472745
0.6732441010073134
0.39299020284255554
0.6701393680143508
0.5816199806816614
0.6350903822271284
0.34214157582447907
0.7019456326755898
0.7396853870567132
0.4447357527252656
0.2932937767352008
0.09438388298606319
0.28639437008417273
0.1555126259141714
0.20718918173037118
0.27977093969918587
0.41051469573616667
0.9997930178004691
1.0
0.5776183248240652
0.17841865599558437
0.019594314888919554
0.1422657651441976
0.05519525320822409
0.12156754519111357
0.027873602870153166
0.0037946736580654066
6.899406651028011e-05
0.0
6.899406651028011e-05
0.21947012556920104
0.5409824755071064
0.5831378501448875
0.398026769697806
0.3248930591969091
0.5167655581619981
0.5153166827652822
0.1654477714916517
0.0040706499241065265
0.49358355181454394
0.7553470401545467
0.5736166689664689
0.1665516765558162
0.06230164205878295
0.09728163377949496
0.6791085966606872
0.5893473161308127
0.5892783220643024
0.5794121705533324
0.2851524768869877
0.2587277494135504
0.15654753691182557
0.10542293362770802
0.047536911825583
0.024423899544639163
0.0008969228646336415
6.899406651028011e-05
