0.010895522388059702
0.015597014925373135
0.021567164179104478
0.5552985074626866
0.5229850746268657
0.5217164179104478
0.49716417910447763
0.4299253731343284
0.5096268656716418
0.46992537313432836
0.5017910447761194
0.15514925373134328
0.3408955223880597
0.7021641791044776
0.4878358208955224
0.8909701492537313
0.7285074626865672
0.7101492537313433
0.38156716417910447
0.3098507462686567
0.05291044776119403
0.018432835820895523
0.3061940298507463
0.12641791044776118
0.1008955223880597
0.056716417910447764
0.014850746268656716
0.0
0.04701492537313433
0.3365671641791045
0.518955223880597
1.0
0.5135074626865672
0.26671641791044776
0.20716417910447762
0.28373134328358207
0.0962686567164179
0.02
0.1735820895522388
0.13373134328358208
0.07365671641791045
0.08649253731343283
0.12022388059701493
0.028208955223880595
0.022164179104477613
0.025223880597014924
0.013208955223880598
0.010895522388059702
