0.00028697149416491294
0.0003826286588865506
0.0
0.5065046872010713
0.8566099100822652
0.8070594987564569
1.0
0.817868758370002
0.09546585039219438
0.5787258465659078
0.23694279701549645
0.4534149607805625
0.628850200880046
0.38731585995791085
0.4573369045341496
0.37870671513296345
0.18930552898412092
0.23512531088578534
0.24555194184044385
0.2210637076717046
0.26917926152668836
0.07365601683566099
0.0678209297876411
0.07499521714176392
0.05337669791467381
0.01138320260187488
0.03319303615840827
0.005643772718576621
0.00028697149416491294
