0.012122261667676855
0.013680838167806736
0.09940254567495022
0.34808208502900684
0.7269893497272492
0.9909948913325829
0.7695904407307992
0.4215949432851329
0.26322625335526884
0.5793575201316131
0.9960169711663347
1.0
0.9930729933327561
0.8093341414841112
0.6386700147198892
0.6980690968915058
0.3717204952809767
0.13204606459433718
0.04260109100355009
0.09793055675816088
0.11793228850982769
0.10546367650878864
0.05775391808814616
0.26790198285565847
0.7112304095592692
0.9067451727422288
0.5777989436314832
0.5471469391289289
0.29240626894103383
0.32002770802666897
0.1936098363494675
0.1626980690968915
0.18979998268248333
0.1732617542644385
0.2139579184344965
0.04009005108667417
0.0
0.022339596501861632
0.012295436834357952
0.012208849251017404
