0.0005825081135058667
0.048015311641840724
0.2224348839144545
0.7528501289839394
0.2977448614462844
0.01947241408005326
0.6221186652242656
0.570941166680536
0.3836232004660065
0.25738537072480655
0.1396355163518349
0.02063743030706499
0.006074727469418324
0.00016643088957310476
0.23408504618457185
0.8296579845219273
0.4238994757426978
0.552883415161854
0.45801780810518433
0.8769243571606891
0.5089456603145543
0.11217441957227262
0.0
0.22451527003411834
0.4894732462345011
0.9685445618706832
0.6981775817591745
0.2905051177498544
0.3785470583340268
0.24265623699758676
0.07472746941832405
0.12149454938836649
0.5724390446866938
0.6244486976782891
0.8928185071149205
0.3579096280269618
0.3379379212781892
0.37546808687692435
0.27369559790297077
0.16593159690438544
0.03794624282266789
0.014479487392860115
0.00024964633435965716
8.321544478655238e-05
0.014146625613713906
0.3269534825663643
0.11791628526254473
0.6905217608388117
0.6746276108845802
0.2163601564450362
0.16260297911292335
0.3572439044686694
1.0
0.48789215278355663
0.5859199467421153
0.44678372305899977
0.4039277689939253
0.5063659815261713
0.3206291087625863
0.5628692685362403
0.841973870350337
0.3804610135641175
0.10651576932678705
0.10634933843721395
0.051510360322875925
0.08854123325289173
0.4139136223683116
0.013231255721061829
0.008404759923441791
0.00016643088957310476
