0.0
0.8808245913637472
0.7640888021468651
0.7610392778726519
0.13869236399121737
0.6711393022688461
0.5518419126616247
0.5325689192485972
1.0
0.6660161014881678
0.8055623322761649
0.607465235423274
0.7601854110758721
0.48585020736765067
0.5242742132227373
0.5030495242742132
0.5050012198097097
0.25530617223713103
0.3581361307636009
0.007318858258111734
0.6749207123688704
0.8181263722859234
0.6480848987557941
0.5679434008294706
0.7879970724566967
0.626616247865333
0.4695047572578678
0.32471334471822394
0.19224201024640156
0.15735545254940228
0.14759697487191997
0.1758965601366187
0.16308855818492315
0.31824835325689194
0.031593071480848986
0.012198097096852892
0.00036594291290558675
