0.0
0.923728813559322
0.7220652856246077
0.494428750784683
0.3225047080979284
0.4904268675455116
0.3702134337727558
0.07846829880728186
0.1115819209039548
0.07846829880728186
1.0
0.9624921531701193
0.6039704959196485
0.41023226616446956
0.3215630885122411
0.587413684871312
0.27432517263025735
0.31889516635279347
0.5430790960451978
0.7401914626490897
0.6439893283113622
0.5082391713747646
0.5245605775266792
0.5327212806026366
0.6814187068424357
0.7770715630885122
0.6981324544883867
0.4703389830508475
0.4110169491525424
0.27228499686126806
0.8877118644067796
0.1721594475831764
0.6405367231638418
0.6630571249215317
0.4732423101067169
0.3898305084745763
0.42592592592592593
0.21053044569993723
0.19122724419334589
0.11581920903954802
0.011064030131826741
0.03358443188951663
0.02079409918392969
0.0
0.0
