7.597052343690648e-05
0.6828230646509155
0.765251082579959
0.5053559219023019
0.5807186811517131
0.5099141533085163
1.0
0.8430448985793512
0.6793284205728177
0.3461976753019828
0.0164096330623718
0.7423839550254501
0.22927903973258376
0.37673782572361925
0.7690496087518043
0.6501557395730456
0.0715642330775659
0.3774975309579883
0.37430676897363824
0.27957152624781584
0.2684038593025906
0.7281774671427487
0.7518802704550634
0.4438957684418446
0.00410240826559295
0.011623490085846691
0.5008736610195245
0.7434475423535668
0.4210286408873357
0.018916660335789714
0.4657752791916736
0.6283521993466535
0.33381447998176705
0.2637696573729393
0.6130061536123984
0.3632910430752868
0.3022867127554509
0.6854820329712071
0.09253209754615209
0.48993390564460987
0.30205880118514017
0.11114487578819418
0.6016105750968624
0.6436222745574717
0.49388437286332904
0.0468738129605713
0.255109017701132
0.2662007141229203
0.13439185595988756
0.0774139633822077
0.4495175871761756
0.25039884524804373
0.19083795487350907
0.3002355086226544
0.458178226847983
0.29203069209146854
0.16667932842057281
0.10848590746790246
0.02393071488262554
0.0009876168046797841
0.0
