0.0
0.5551847631450432
1.0
0.6248575614520593
0.0076509848608171905
0.49837213088067717
0.28235389874654077
0.07073091323457593
0.2266807748657008
0.571382060882305
0.5086277063324108
0.5194530359759075
0.4908839329317923
0.9552335992186228
0.1168810027673775
8.139345596614032e-05
0.5273482012046231
0.3709913722936676
0.4986977047045418
0.6627869119322807
0.7900862770633241
0.7043789679309783
0.5852189483965489
0.45547777958652125
0.1051603451082533
0.1701123229692333
0.15025231971349504
0.6511476477291226
0.6050789516522872
0.22513429920234412
0.8864561289272342
0.5995441966465896
0.18696076835422432
0.47948884909653267
0.2997720983232948
0.26754028976070326
0.44595474523848283
0.393862933420153
0.2379944652449943
0.2093439687449129
0.6437408432362038
0.5468012371805306
0.292365293830376
0.10695100113950838
0.02751098811655543
0.004558033534103858
0.0
0.5435454989418851
0.8102718541429269
0.5869282109718379
0.7003906885886375
0.662949698844213
0.6547289597916327
0.6482988767703076
0.4978023766889142
0.5549405827771448
0.6805306853328993
0.4091649031417874
0.2689239785121276
0.6583916653101091
0.7926094741982744
0.4131531824841283
0.2985511964838027
0.32085300341852513
0.17760052091811818
0.20380921373921537
0.08025394758261435
0.013022952954582452
0.0
0.0
