0.001998800719568259
0.6949163835032314
0.4655873142780998
0.5836498101139317
0.6009061229928709
0.4601905523352655
0.31081351189286427
0.4613232060763542
0.6550069958025185
0.6737957225664601
0.7679392364581251
0.6954493970284495
0.4736491438470251
0.6073022852954894
0.3682457192351256
0.09700846158971284
0.11479778799387035
0.4430008661469785
0.5941768272369912
0.5367446198947299
0.3817709374375375
0.15370777533479912
0.4467985875141582
0.14211473116130321
0.2673729095875808
0.2984209474315411
0.5218202411886201
0.5040309147844626
0.5098940635618628
0.3641814911053368
0.09014591245252848
0.010593643813711773
0.7686721300553001
0.25604637217669396
0.020187887267639416
0.268638816709974
0.7058431607702046
0.5889799453661136
0.35085615297488176
0.17589446332200678
0.5900459724165501
0.49003930974748483
0.41215270837497503
0.5412086081684323
0.6483443267372909
0.4887734026250916
0.5683256712639083
0.4789792790992071
0.5742554467319608
0.12119395029648877
0.2325271503764408
0.05823172763008861
0.5064294756479446
1.0
0.8972616430141915
0.16410153907655406
0.02371910187221001
0.37137717369578255
0.44006929175827836
0.7025118262375908
0.41914851089346394
0.4152175361449797
0.2990205876474116
0.2131387833966287
0.052235325471383834
0.28389632886934507
0.14691185288826705
0.03957625424745153
0.009860750216536745
0.0
0.001998800719568259
