0.0
0.011079309389714707
0.5488874526821161
0.5969901209491275
0.6633736497091681
0.6731603730034161
0.558212538085126
0.0748776659588219
0.7148001107930939
0.7073215769550365
0.7783214846274582
0.22389437725048472
0.4943218539377712
0.09759025020773705
0.2390361000830948
0.37872772597174775
0.40171729295540576
0.1399686086233958
0.031022066291201182
0.6646662358046348
0.5197119379558675
0.5818483981165175
0.7737974332933247
0.653125288523682
0.39313082817837686
0.4275690148647401
0.2111531714523128
0.2304496353060659
0.13507524697627182
0.01329517126765765
0.0035084479734096576
0.47290185578432276
1.0
0.7286492475302373
0.3783584156587573
0.4925676299510664
0.19785800018465516
0.629397100914043
0.8621549256762995
0.8544917366817468
0.4051334133505678
0.28243006185947744
0.10248361185486105
0.39793186224725324
0.8219924291385837
0.9856892253716185
0.38509832887083373
0.18520912196473086
0.38851444926599576
0.2697811836395531
0.22417135998522758
0.18345489797802603
0.20007386206259808
0.1817006739913212
0.024651463392115224
0.023543532453143754
0.00018465515649524513
