0.0
0.32836363636363636
0.3917090909090909
0.19578181818181817
0.0872
0.27534545454545456
0.4883636363636364
0.8762181818181818
0.8072727272727273
0.4083636363636364
0.019418181818181817
0.18283636363636363
0.25883636363636364
0.5988363636363636
0.3509818181818182
0.4301090909090909
0.49105454545454547
0.37134545454545453
0.43323636363636364
0.32130909090909093
0.2687272727272727
0.3685818181818182
1.0
0.7837090909090909
0.48167272727272725
0.23127272727272727
0.06443636363636364
0.0014545454545454545
0.1381090909090909
0.023781818181818182
0.0018909090909090909
0.01330909090909091
0.0
