0.0
0.28964360587002097
0.6210482180293501
0.810482180293501
0.9662054507337526
1.0
0.08737945492662474
0.012746331236897274
0.2732075471698113
0.529979035639413
0.72
0.29073375262054507
0.016184486373165618
0.011153039832285116
0.33023060796645703
0.6774004192872117
0.37769392033542976
0.02440251572327044
0.013584905660377358
0.0
0.06884696016771488
0.470188679245283
0.5558909853249476
0.35958071278826
0.0759748427672956
0.5723270440251572
0.2528301886792453
0.3243605870020964
0.3042348008385744
0.260125786163522
0.22163522012578615
0.10616352201257861
0.48721174004192874
0.22121593291404612
0.04092243186582809
0.2987840670859539
0.3808805031446541
0.5283857442348009
0.7862473794549266
0.520587002096436
0.35253668763102725
0.15656184486373165
0.015849056603773583
0.0016771488469601676
