0.0
0.2615908124202467
0.42041684389621437
0.7102509570395577
0.5089749042960442
0.38434708634623566
0.6893236920459379
0.32522330923011483
0.1974478945129732
0.2821777966822629
0.8812420246703531
0.5464057847724373
0.3245427477669077
0.2651637601020842
0.3552530837941302
0.430284985112718
0.6594640578477243
1.0
0.9749893662271374
0.8177796682262867
0.3105912377711612
0.011399404508719693
0.4343683538919609
0.09732028923862186
0.016928966397277753
0.021948107188430457
8.507018290089324e-05
0.01233517652062952
0.3486176095278605
0.7117822203317737
0.4380263717566993
0.3356869417269247
0.1948957890259464
0.02203317737133135
0.8183751595065929
0.7168864313058273
0.5927690344534241
0.31288813270948534
0.19021692896639728
0.2889834113143343
0.7623989791578052
0.7064227988090175
0.21327094853253933
0.3357720119098256
0.3875797532964696
0.49153551680136115
0.0528285835814547
0.1674181199489579
0.35899617184176946
0.46737558485750746
0.7834963845172267
0.5385793279455551
0.35542322415993194
0.13066780093577202
0.016418545299872394
0.001786473840918758
0.0
