7.395902669920864e-05
0.03365135714813993
0.8782634420531026
1.0
0.4268915021078323
0.1806819022261667
0.09230086532061238
0.4581022113748983
0.5482582649212336
0.3990829080689298
0.2577472080467421
0.15805044005620886
0.03912432512388137
0.013534501885955182
0.0053990089490422305
7.395902669920864e-05
0.3672805265882701
0.6382664004141706
0.3537460247023149
0.2720952592263886
0.12802307521633016
0.37179202721692184
0.5847940241106427
0.5505509947489091
0.4705273278603654
0.3328156201464389
0.5208934250425264
0.48398787071962135
0.26514311071666297
0.031580504400562086
0.7643665409363213
0.8120701131573108
0.41757266474373195
0.2522742400710007
0.13061164115080245
0.03505657865542489
0.09281857850750684
0.1559056282819318
0.31647067524591377
0.018267879594704533
0.004437541601952518
0.0
