0.0
0.0062423873325213155
0.2587545676004872
0.454704628501827
0.6013246041412911
0.18590133982947624
0.5691230207064556
0.32414738124238734
0.0940925700365408
0.5465133982947625
0.9164890377588307
0.6749390986601705
0.8143270401948843
0.03334348355663824
0.5609013398294762
1.0
0.5140073081607796
0.1731881851400731
0.3138702801461632
0.09462545676004872
0.009363580998781974
0.5440012180267966
0.43673873325213153
0.3982947624847747
0.5033495736906212
0.3220919610231425
0.49840133982947626
0.527557856272838
0.24276796589524968
0.1152557856272838
0.10277101096224117
0.05633373934226553
0.01994518879415347
0.0026644336175395858
0.0
0.0
0.017356881851400732
0.35726248477466505
0.587088915956151
0.556105359317905
0.44397076735688185
0.016138855054811205
0.7606577344701584
0.5929506699147381
0.6798873325213155
0.6823233861144945
0.11076431181485993
0.6100791717417783
0.4537911084043849
0.44100182704019486
0.7881394640682094
0.49619366626065775
0.3870280146163216
0.3287911084043849
0.3552831912302071
0.25586175395858707
0.18239951278928138
0.07232034104750304
0.34447320341047505
0.5140073081607796
0.1056638246041413
0.3002436053593179
0.8798721071863581
0.6434987819732034
0.8335109622411693
0.3273447015834348
0.37675091352009743
0.47472594397076734
0.10764311814859927
0.13200365408038978
0.844016443361754
0.6559074299634592
0.41679354445797806
0.2908038976857491
0.14974116930572473
0.05283191230207065
0.04933008526187576
0.1636723507917174
0.1575822168087698
0.061586479902557854
0.038596224116930575
7.61266747868453e-05
