7.750736319950395e-05
0.0030227871647806543
0.2060145713842815
0.3159200124011781
0.4955820802976283
0.822663152999535
0.46597426755541776
0.6071926833049139
0.6357153929623314
0.41822973182452333
0.16137033018136723
0.08177026817547667
0.045264300108510305
0.17687180282126802
0.501240117811192
0.5073631995039529
0.38187877848395596
0.27980158115020926
0.17718183227406603
0.19082312819717873
0.1017671678809487
0.04224151294372965
0.009843435126337003
0.0013951325375910712
0.0
7.750736319950395e-05
0.02177956905906061
0.08479305534025733
0.40435591381181213
0.665943264610138
1.0
0.5137188032863123
0.5889784529530305
0.36761742365524724
0.4314834909316385
0.20678964501627656
0.21128507208184777
0.07502712757711982
0.0013176251743915672
0.07804991474190048
0.11409083862966982
0.6922182607347698
0.3050689815532476
0.8189427995659587
0.53751356378856
0.618431250968842
0.715780499147419
0.6426910556502867
0.2725933963726554
0.14214850410789026
0.18780034103239807
0.06402108200279026
0.14796155634785305
0.0013951325375910712
0.2314369865137188
0.46612928228181677
0.3190203069291583
0.23197953805611532
0.20477445357308943
0.22686405208494806
0.15175941714462873
0.039218725778949
0.014493876918307239
0.0027127577119826383
7.750736319950395e-05
