0.005655902207626346
0.0070242656449553
0.577175697865353
0.9239189928845101
0.7911877394636015
0.5792738551359241
0.44517423827768654
0.5788177339901478
0.6687648239372377
0.8459222769567597
0.6903849662470352
0.6123882503192848
0.49562123700054733
0.5378580550994344
0.3682722130997993
0.15991607370917715
0.03238460135011859
0.0140485312899106
0.24448093413610655
0.3758438241196862
0.8483853311439519
0.4970808246670316
0.18409049443532202
0.4595876664842182
0.12588943623426382
0.44608648056923916
0.11548987411056376
0.26555373107097247
0.47582557927385516
0.7848932676518884
0.5069330414158001
0.2879948914431673
0.5153256704980843
0.6168582375478927
0.4399744572158365
0.2877212187557015
0.15644955300127714
0.03840540047436599
0.7736726874657909
0.847746761539865
1.0
0.6548075168764824
0.15362160189746396
0.6793468345192483
0.6197774128808612
0.4345010034665207
0.48175515416894726
0.1703156358328772
0.3544973544973545
0.5061120233534027
0.46642948367086295
0.4846743295019157
0.4948914431673052
0.9542966611932129
0.7746761539864988
0.2689290275497172
0.02490421455938697
0.14459040321109287
0.2676518883415435
0.38414522897281517
0.9391534391534392
0.5185185185185185
0.30952380952380953
0.4270206166757891
0.8227513227513228
0.585112205801861
0.44854953475643133
0.054825761722313446
0.19494617770479838
0.16922094508301405
0.1367451195037402
0.1194125159642401
0.04606823572340814
0.0050173326035395
0.0
0.005655902207626346
0.005564677978471082
