0.0
0.009865549153134276
0.3713113322856644
0.7007159071066876
0.6660555264536406
0.027064780862580757
0.14588789942378208
0.712676794133054
0.33752400907979746
0.4158372620918456
0.4063209359175834
0.26209184564344334
0.24681334031779292
0.32407892439322505
0.7077876724288458
0.7308363890343985
0.6834293696525231
0.6139339968569932
0.40963855421686746
0.35891391653570803
0.2704731971363716
0.5483673825737734
0.14248297537978
0.03745416448402305
0.1751353239043129
0.5959490134450847
1.0
0.8661602933473023
0.7098830103020779
0.09900471451021477
0.01885804085908853
0.04539898725336127
0.0012222804260520342
0.03815261044176707
8.730574471800244e-05
