0.0
0.055852549269927394
0.6123833080667039
0.4406766137397271
0.12191813612064151
0.17657384504907045
0.21575041889411953
0.8629218862203782
1.0
0.2052182238889332
0.4345328333200351
0.03989467804994814
0.4821670789116732
0.4157823346365595
0.48894917418016437
0.35306790074204103
0.3978297295140828
0.3763663927232107
0.27918295699353707
0.29306630495491903
0.3540253730152398
0.23474028564589483
0.2548472033830687
0.2097662171866273
0.2143939998404213
0.17282374531237532
0.04643740525013963
0.015798292507779463
0.0
0.0
