0.078642
0.079312
0.080206
0.07987
0.078865
0.078753
0.080652
0.078418
0.07529
0.078083
0.079982
0.07853
0.080429
0.079312
0.080206
0.079424
0.081434
0.079535
0.0792
0.079759
0.081211
0.079647
0.080094
0.080541
0.078753
0.079647
0.079088
0.07987
0.080206
0.10567
0.13595
0.1069
0.14667
0.12131
0.14466
0.11472
0.11048
0.11506
0.12064
0.14164
0.13025
0.12902
0.14645
0.31021
0.35244
0.20554
0.15349
0.23257
0.19325
0.15315
0.12422
0.17482
0.18443
0.18074
0.20431
0.15393
0.19649
0.12813
0.20643
0.15192
0.13114
0.19046
0.17169
0.22699
0.14444
0.1412
0.24296
0.12589
0.14399
0.13706
0.13896
0.22107
0.048146
0.21247
0.15371
0.1508
0.15929
0.14399
0.19001
0.15416
0.14377
0.15103
0.11964
0.1384
0.1765
0.1183
0.18778
0.18867
0.1155
0.16857
0.13226
0.17884
0.18756
0.14466
0.1317
0.1498
0.15404
0.14477
0.16778
0.15147
0.15661
0.12489
0.14891
0.12299
0.17058
0.094839
0.13092
0.12455
0.17437
0.11629
0.13863
0.14008
0.105
0.1422
0.13438
0.15661
0.13785
0.15069
0.16253
0.14131
0.15092
0.15784
0.10132
0.15315
0.16153
0.11349
0.12947
0.12679
0.13181
0.14042
0.12131
0.10724
0.11059
0.095956
0.088248
0.088472
0.087578
0.085232
0.083892
0.085121
0.086908
0.088584
0.09819
0.08702
0.08836
0.085121
0.085567
0.089477
0.088807
0.085456
0.086685
0.083668
0.080317
0.16588
0.58333
0.83646
0.69459
0.51218
0.6212
0.57842
0.46682
0.68945
0.5716
0.56959
0.3483
0.39343
0.21492
0.24095
0.66443
0.76329
0.61372
0.81412
0.63986
0.36606
0.45297
0.81747
0.62344
0.36461
0.32395
0.21906
0.4609
0.69951
0.48246
0.52882
0.62098
0.55351
0.68018
0.63215
0.85065
0.53664
0.67895
0.68968
0.88639
0.74888
0.59115
0.71291
0.6202
0.78686
0.47174
0.68677
0.79155
0.75235
0.8483
0.84685
0.69627
0.84529
0.57607
0.58266
0.77726
0.70912
0.61003
0.61774
0.51676
0.65449
0.39935
0.43912
0.50447
0.46839
0.54111
0.40058
0.4666
0.42136
0.51273
0.3034
0.29748
0.36662
0.2376
0.2958
0.23134
0.19917
0.15069
0.11327
0.11752
0.11785
0.094951
0.12165
0.1002
0.10567
0.081881
0.092158
0.08903
0.089924
0.092046
0.090929
0.098861
0.090483
0.095286
0.17415
0.17348
0.30708
0.64611
0.54803
0.54189
0.61506
0.60992
0.84607
0.49955
0.75838
0.85657
0.62254
0.33892
0.51385
0.5277
0.5878
0.52927
0.50257
0.50659
0.69437
0.70152
0.68823
0.63595
0.52234
0.62377
0.51676
0.63885
0.62924
0.56513
0.41086
0.54491
0.20777
0.16309
0.1956
0.16041
0.13908
0.12221
0.54155
0.47151
0.59026
0.46761
0.28027
0.22051
0.17136
0.86662
0.86897
0.50413
0.58702
0.56099
0.30731
0.209
0.17773
0.15941
0.13975
0.16857
0.87478
0.99721
0.73291
0.67795
0.54055
0.57954
0.73939
0.66566
0.63863
0.78094
0.75905
0.62355
0.66097
0.60836
0.54625
0.5763
0.50882
0.62411
0.72967
0.54926
0.54312
0.65594
0.46526
0.55831
0.44437
0.27245
0.22945
0.15259
0.16287
0.16689
0.12511
0.15661
0.12143
0.10992
0.105
0.10679
0.11215
0.10623
0.10076
0.088248
0.10009
0.36752
0.48067
0.30083
0.16734
0.15572
0.1555
0.60713
0.31457
0.59674
0.53932
0.33054
0.19616
0.64354
0.5477
0.62388
0.51463
0.49911
0.51117
0.54625
0.72699
0.50693
0.24486
0.20387
0.27022
0.47442
0.58657
0.33814
0.16946
0.4456
0.22933
0.14734
0.38226
0.56479
0.6374
0.49553
0.53742
0.59082
0.62958
0.60255
0.73481
0.54949
0.54424
0.32194
0.24285
0.18018
0.18923
0.15773
0.1441
0.13271
0.13092
0.41421
0.61618
0.53541
0.57261
0.2834
0.33858
0.58579
0.43487
0.48
0.39567
0.47062
0.51139
0.72062
0.41689
0.77335
0.48302
0.53307
0.50045
0.41097
0.59138
0.50525
0.58188
0.68934
0.50458
0.59763
0.47509
0.55563
0.49453
0.50045
0.58691
0.49978
0.34339
0.33501
0.37634
0.41577
0.28597
0.21626
0.23782
0.32093
0.18622
0.16253
0.13997
0.12723
0.12098
0.10567
0.11171
0.10702
0.094057
0.09752
0.099084
0.31211
0.69683
0.5735
0.44225
0.5105
0.5878
0.49006
0.54357
0.62243
0.51709
0.38561
0.54301
0.6088
0.31099
0.28597
0.35299
0.30317
0.39589
0.33479
0.3931
0.53854
0.7882
0.5916
0.50112
0.33512
0.23648
0.51631
0.57518
0.43342
0.22889
0.32998
0.34339
0.18901
0.50592
0.57339
0.72062
0.5315
0.21247
0.2071
0.17605
0.15996
0.18711
0.14477
0.19895
0.1412
0.48548
0.79837
0.72386
0.52469
0.78496
0.51329
0.42773
0.66488
0.67594
0.51229
0.53642
0.52178
0.57697
0.70688
0.44929
0.51553
0.48168
0.49788
0.61439
0.19303
0.5601
0.73458
0.44861
0.71995
0.36003
0.17482
0.21761
0.46682
0.78061
0.47811
0.53441
0.41935
0.33613
0.52525
0.48202
0.5792
0.44102
0.4179
0.57071
0.36651
0.40572
0.47218
0.22207
0.14567
0.21113
0.18119
0.15952
0.12601
0.1498
0.12411
0.16119
0.1183
0.094392
0.64734
0.7882
0.81412
0.86673
0.68298
0.82842
0.83423
0.70777
0.61997
0.60143
0.48537
0.65538
0.45777
0.63204
0.55686
0.55362
0.54479
0.47755
0.41868
0.43543
0.41588
0.58479
0.43298
0.45118
0.55965
0.49274
0.37321
0.51117
0.44191
0.27167
0.19984
0.67773
0.40918
0.64846
0.39243
0.20197
0.18465
0.51575
0.36819
0.63059
0.54859
0.53586
0.35054
0.64444
0.65002
0.48816
0.18219
0.20979
0.56669
0.76709
0.74564
0.61495
0.58702
0.52067
0.43387
0.67393
0.42661
0.56066
0.57306
0.40013
0.3034
0.20744
0.2987
0.49832
0.44471
0.49609
0.51698
0.6355
0.30664
0.63416
0.62958
0.64421
0.33378
0.22609
0.16879
0.32373
0.63505
0.58009
0.47598
0.45755
0.67013
0.56836
0.69269
0.71984
0.64109
0.60378
0.6145
0.35221
0.60031
0.50983
0.49274
0.73101
0.74129
0.62835
0.7691
0.5477
0.66767
0.7681
0.53943
0.6326
0.49129
0.45029
0.29937
0.21403
0.30842
0.2891
0.23604
0.12768
0.13416
0.13315
0.10445
0.1155
0.11383
0.10244
0.10467
0.10679
0.094616
0.093164
0.093052
0.099643
0.093499
0.091488
0.079312
0.086908
0.099978
0.21515
0.63494
0.45107
0.55552
0.48537
0.55038
0.52413
0.3015
0.63371
0.70521
0.57283
0.44281
0.44024
0.63729
0.69739
0.55094
0.41108
0.31122
0.19783
0.44471
0.56546
0.68532
0.38762
0.40505
0.41711
0.18655
0.17974
0.15862
0.13304
0.15125
0.1737
0.12723
0.094951
0.43007
0.62131
0.64578
0.64433
0.37511
0.43543
0.28798
0.61662
0.63773
0.39042
0.55105
0.35534
0.21425
0.75492
0.53094
0.68231
0.48492
0.64298
0.47196
0.68532
0.53117
0.69649
0.71325
0.59316
0.27603
0.25212
0.23134
0.19806
0.18644
0.17996
0.14019
0.14756
0.19348
0.60512
0.50983
0.23023
0.37601
0.50134
0.3807
0.3101
0.61428
0.45331
0.4008
0.59071
0.33143
0.33311
0.82473
0.67828
0.82976
0.77458
0.46023
0.24821
0.34026
0.25871
0.67259
0.79703
0.86003
0.76452
0.75827
0.76821
0.71604
0.65427
0.64555
0.75793
0.49397
0.71448
0.57931
0.68878
0.73637
0.71805
0.58624
0.32484
0.48157
0.45342
0.22688
0.28184
0.23559
0.21716
0.21783
0.25
0.19113
0.1622
0.44147
0.72364
0.48682
0.47151
0.49095
0.26229
0.55217
0.62098
0.47096
0.5973
0.34674
0.40818
0.84294
0.74978
0.55775
0.79412
0.31769
0.28105
0.29837
0.29759
0.31702
0.44806
0.66432
0.68432
0.72096
0.55708
0.62455
0.60042
0.37589
0.22855
0.32663
0.61238
0.62545
0.41019
0.5916
0.35746
0.68878
0.66622
0.5458
0.60713
0.56323
0.4418
0.53642
0.56345
0.36729
0.26061
0.23995
0.15695
0.20208
0.14567
0.26731
0.6422
0.62254
0.55764
0.52156
0.27971
0.20632
0.49743
0.49028
0.68722
0.53742
0.56099
0.36171
0.62992
0.60579
0.65214
0.55809
0.56926
0.66164
0.61316
0.70465
0.52346
0.59651
0.35221
0.46783
0.59216
0.50201
0.45744
0.53887
0.66845
0.49754
0.46459
0.47822
0.63941
0.53921
0.48872
0.42437
0.4571
0.4237
0.34059
0.54803
0.62958
0.23202
0.49564
0.4485
0.44761
0.21604
0.21325
0.13628
0.17002
0.14008
0.12679
0.25514
0.59841
0.46537
0.46604
0.34596
0.27189
0.7777
0.48704
0.62466
0.6174
0.5286
0.62232
0.64656
0.81758
0.28943
0.26877
0.30273
0.20521
0.31568
0.5439
0.72621
0.53508
0.30965
0.61573
0.2586
0.6269
0.39388
0.70521
0.42292
0.28016
0.36282
0.37042
0.14254
0.2099
0.22676
0.16175
0.16577
0.16376
0.16745
0.14879
0.18186
0.15963
0.12478
0.14053
0.14846
0.37545
0.51888
0.44996
0.46816
0.50681
0.27949
0.57194
0.53753
0.2958
0.5086
0.46023
0.38494
0.52647
0.76005
0.68878
0.53798
0.83724
0.58925
0.42192
0.35467
0.3025
0.22006
0.35958
0.68331
0.62913
0.86048
0.55809
0.32283
0.23134
0.27201
0.3416
0.72531
0.54323
0.67907
0.53351
0.59126
0.667
0.49218
0.61673
0.459
0.47632
0.55004
0.35299
0.20889
0.32652
0.28418
0.23626
0.095174
0.29971
0.16678
0.2519
0.55217
0.36953
0.38595
0.50235
0.25145
0.28943
0.5821
0.37411
0.35891
0.43465
0.39555
0.22933
0.34808
0.79278
0.56468
0.7252
0.94906
0.70487
0.56557
0.62578
0.67549
0.76776
0.54904
0.46448
0.30597
0.354
0.56412
0.61908
0.48492
0.36003
0.24788
0.7242
0.82239
0.70599
0.68756
0.67292
0.84339
0.67907
0.61774
0.72218
0.6212
0.57719
0.58166
0.52782
0.42069
0.29412
0.24173
0.17002
0.19191
0.73458
0.45878
0.38427
0.53027
0.51128
0.21336
0.54211
0.51374
0.34562
0.46492
0.24497
0.29256
0.61941
0.81591
0.34908
0.83803
0.80004
0.59339
0.74017
0.78083
0.63427
0.38092
0.5821
0.71001
0.32708
0.4008
0.68007
0.40907
0.62355
0.41209
0.49497
0.72464
0.52033
0.65661
0.51117
0.64667
0.61573
0.7204
0.35232
0.67571
0.76776
0.73615
0.51944
0.5821
0.31624
0.63304
0.5124
0.68945
0.52748
0.60255
0.39734
0.2538
0.21269
0.15594
0.16287
0.13885
0.12924
0.41756
0.56043
0.55541
0.41857
0.40438
0.47811
0.27189
0.57306
0.72319
0.82998
0.81066
0.59082
0.61919
0.53441
0.6374
0.52089
0.55485
0.29323
0.22833
0.34786
0.71939
0.53932
0.7576
0.541
0.71459
0.74419
0.51352
0.71157
0.48939
0.40751
0.28943
0.31334
0.2414
0.2004
0.17102
0.20621
0.17214
0.21805
0.14846
0.16868
0.16845
0.14567
0.13762
0.13025
0.095398
0.11372
0.08836
0.1002
0.095956
0.091153
0.084897
0.085903
0.087131
0.083557
0.086238
0.084897
0.085009
0.090036
0.099307
0.088248
0.091041
0.081434
0.46727
0.63315
0.73514
0.71671
0.79424
0.24687
0.48503
0.40326
0.52592
0.5258
0.59361
0.51005
0.49631
0.61874
0.52346
0.23738
0.35244
0.47353
0.59193
0.80965
0.53642
0.51888
0.63796
0.29379
0.57384
0.2595
0.5687
0.84104
0.88304
0.91845
0.84853
0.68912
0.63662
0.57227
0.39723
0.29345
0.23872
0.2347
0.17929
0.14298
0.15013
0.1298
0.13159
0.1202
0.11003
0.11294
0.08244
0.10333
0.098972
0.08903
0.10277
0.76988
0.69861
0.46046
0.61215
0.2376
0.32484
0.46749
0.64533
0.78854
0.63785
0.50648
0.62344
0.84763
0.72632
0.57942
0.64243
0.76408
0.64142
0.79524
0.68298
0.72542
0.68097
0.73704
0.66611
0.51017
0.3903
0.58579
0.62634
0.49218
0.43298
0.20777
0.4389
0.4962
0.42058
0.19783
0.32585
0.30686
0.17359
0.1431
0.15505
0.14399
0.13315
0.13271
0.10176
0.095174
0.096403
0.095956
0.19303
0.5181
0.79122
0.46682
0.43957
0.41655
0.21805
0.37857
0.4666
0.39902
0.41834
0.23983
0.19739
0.30999
0.15181
0.21682
0.65706
0.58914
0.65985
0.60478
0.54401
0.45197
0.76944
0.50927
0.62388
0.52223
0.56222
0.29926
0.27703
0.23849
0.52714
0.56591
0.40058
0.28563
0.48581
0.11506
0.65941
0.54144
0.45342
0.67382
0.62087
0.52055
0.47598
0.37824
0.22084
0.20219
0.16466
0.1431
0.16778
0.12668
0.11394
0.11092
0.15672
0.7309
0.81568
0.75045
0.33534
0.17404
0.42907
0.75402
0.55105
0.70442
0.4847
0.46101
0.48324
0.84059
0.61919
0.56177
0.51798
0.56211
0.47989
0.54859
0.44538
0.7109
0.22744
0.16063
0.82641
0.63706
0.64109
0.18867
0.23738
0.15684
0.645
0.51754
0.74631
0.63662
0.65293
0.56714
0.71682
0.59584
0.72487
0.72464
0.646
0.47408
0.27055
0.20319
0.2414
0.19135
0.13371
0.17538
0.18834
0.16387
0.43845
0.46303
0.45766
0.17828
0.3483
0.15996
0.28876
0.6937
0.43175
0.70643
0.45018
0.4504
0.28921
0.23336
0.49095
0.41857
0.56434
0.39388
0.24129
0.1746
0.34808
0.55038
0.56792
0.29748
0.19348
0.19292
0.17538
0.46626
0.48861
0.5181
0.42862
0.49542
0.26005
0.51944
0.59048
0.35836
0.21761
0.27469
0.17683
0.16253
0.59506
0.5086
0.36718
0.42951
0.45308
0.21023
0.17281
0.18555
0.17974
0.16287
0.10836
0.17002
0.22855
0.77714
0.55608
0.40315
0.59339
0.60232
0.61137
0.54714
0.49441
0.44783
0.4313
0.46895
0.44705
0.64075
0.66533
0.66432
0.46749
0.55608
0.36092
0.57149
0.43811
0.67348
0.53027
0.13986
0.46057
0.47945
0.42348
0.35054
0.38438
0.46593
0.44962
0.24307
0.32026
0.26486
0.23157
0.19135
0.1546
0.13215
0.11673
0.12466
0.083445
0.12947
0.11126
0.11528
0.10389
0.096738
0.1002
0.094169
0.093945
0.091265
0.23827
0.72029
0.6078
0.69683
0.53485
0.42728
0.61137
0.6679
0.45208
0.58523
0.53709
0.5706
0.31122
0.34596
0.84886
0.7424
0.49173
0.31993
0.26933
0.23235
0.53452
0.77055
0.85143
0.75905
0.73972
0.51709
0.57395
0.57931
0.49106
0.5792
0.57216
0.24039
0.85322
0.73101
0.81524
0.70643
0.42862
0.54513
0.50134
0.31892
0.4246
0.3559
0.21381
0.14835
0.15896
0.14891
0.10936
0.11606
0.32819
0.52201
0.16723
0.57909
0.74844
0.86629
0.7882
0.93644
0.7204
0.57227
0.6116
0.52558
0.3225
0.31434
0.1355
0.59718
0.76698
0.90952
0.75748
0.7271
0.60098
0.90706
0.85702
0.79748
0.69817
0.67583
0.52033
0.78899
0.8168
0.73313
0.76017
0.93811
0.86338
0.6737
0.66343
0.79301
0.69884
0.58412
0.28195
0.24587
0.23157
0.20051
0.25101
0.19091
0.14433
0.11919
0.12098
0.60702
0.59026
0.50871
0.52994
0.55451
0.62712
0.55183
0.61673
0.51128
0.6021
0.56267
0.55675
0.50223
0.68208
0.60813
0.60556
0.47542
0.68119
0.50681
0.60657
0.5763
0.63773
0.50357
0.64354
0.6641
0.61618
0.66041
0.46615
0.68186
0.55183
0.60958
0.44582
0.30641
0.29602
0.67493
0.68744
0.68465
0.26385
0.25503
0.20554
0.6069
0.41075
0.42113
0.46336
0.604
0.44761
0.29368
0.73626
0.42795
0.48336
0.49899
0.42393
0.66588
0.48682
0.55384
0.19861
0.21504
0.16879
0.14086
0.32741
0.46895
0.48525
0.46437
0.24855
0.25302
0.396
0.46314
0.51117
0.43432
0.49866
0.46068
0.23023
0.5277
0.39019
0.59283
0.25134
0.17639
0.18465
0.4227
0.5611
0.47487
0.42236
0.54937
0.47319
0.60981
0.46794
0.3702
0.39399
0.44672
0.45331
0.29859
0.54647
0.52558
0.41197
0.37679
0.41924
0.59495
0.53999
0.51385
0.47263
0.59283
0.51731
0.50559
0.43666
0.48146
0.27446
0.30563
0.41912
0.27357
0.27491
0.24475
0.19158
0.12958
0.11215
0.12299
0.11092
0.097073
0.12087
0.10344
0.097632
0.09361
0.15125
0.63561
0.53966
0.60456
0.29234
0.21928
0.45811
0.62969
0.43923
0.48112
0.60958
0.59741
0.37757
0.73302
0.71068
0.64634
0.74576
0.67717
0.57496
0.42359
0.68588
0.44325
0.46113
0.27145
0.4103
0.39332
0.69616
0.53943
0.33579
0.38818
0.33579
0.15717
0.15248
0.15304
0.091823
0.14824
0.13003
0.10579
0.17873
0.80183
0.54178
0.48671
0.56311
0.26385
0.2863
0.61618
0.43152
0.57551
0.45923
0.23414
0.24765
0.67359
0.60668
0.62422
0.78284
0.81077
0.53966
0.74173
0.66879
0.73861
0.58255
0.27737
0.20833
0.19169
0.21626
0.15237
0.18029
0.1355
0.13349
0.37768
0.51296
0.4227
0.37522
0.4914
0.34182
0.25447
0.59004
0.55261
0.46492
0.55865
0.31635
0.18119
0.25972
0.77223
0.72006
1
0.93588
0.54334
0.32038
0.37567
0.29189
0.24118
0.26787
0.8492
0.67404
0.77692
0.51609
0.75994
0.83456
0.58434
0.68912
0.75357
0.71325
0.52536
0.7452
0.70766
0.79368
0.55976
0.71191
0.51988
0.52938
0.47732
0.42728
0.29144
0.25235
0.27245
0.20387
0.21314
0.19035
0.19526
0.29368
0.68432
0.51028
0.47554
0.53228
0.26877
0.64321
0.60042
0.29703
0.52279
0.44482
0.37187
0.49832
0.84082
0.79681
0.792
0.42091
0.31725
0.29546
0.27971
0.42672
0.334
0.63617
0.63595
0.65058
0.59261
0.65226
0.54502
0.46995
0.22956
0.35299
0.76676
0.67583
0.55529
0.55407
0.18063
0.65818
0.67013
0.56535
0.67404
0.63315
0.52033
0.40728
0.55206
0.34272
0.36528
0.24799
0.21895
0.19281
0.18532
0.26106
0.667
0.56613
0.53563
0.52592
0.27145
0.19571
0.56177
0.44884
0.68186
0.34551
0.55239
0.3225
0.66555
0.67538
0.5544
0.71548
0.60556
0.56825
0.63528
0.58479
0.6059
0.59205
0.65885
0.4876
0.30004
0.53954
0.67091
0.4933
0.50626
0.53843
0.63718
0.44147
0.43823
0.23894
0.53284
0.60836
0.62064
0.49464
0.47788
0.44247
0.44783
0.33009
0.46135
0.55429
0.68152
0.31434
0.47554
0.41577
0.46626
0.21124
0.19895
0.15282
0.16499
0.1345
0.12824
0.24966
0.57038
0.45699
0.35311
0.42683
0.3111
0.31803
0.76128
0.70923
0.6756
0.56211
0.59037
0.52402
0.77759
0.25916
0.33702
0.27871
0.29937
0.33311
0.53172
0.67046
0.51832
0.65349
0.56256
0.68164
0.42013
0.64689
0.45934
0.37511
0.3254
0.2433
0.18945
0.23693
0.19102
0.1326
0.19515
0.15628
0.16008
0.18175
0.16086
0.13059
0.089142
0.12455
0.15181
0.092828
0.37668
0.59517
0.48827
0.4819
0.53374
0.29457
0.66443
0.55273
0.33668
0.4609
0.38729
0.29681
0.61271
0.77111
0.77145
0.78943
0.55842
0.33758
0.291
0.2357
0.28899
0.28117
0.32529
0.66376
0.56155
0.74933
0.78027
0.58702
0.23157
0.24911
0.21437
0.16186
0.31021
0.55161
0.7462
0.50324
0.72654
0.51352
0.56859
0.60612
0.45856
0.61025
0.50681
0.59216
0.50972
0.24129
0.37098
0.24542
0.25424
0.19571
0.11595
0.2252
0.18052
0.50324
0.43789
0.4342
0.58021
0.23358
0.56557
0.44459
0.30418
0.44571
0.34685
0.36897
0.37712
0.77804
0.58076
0.57596
0.64042
0.75838
0.84037
0.51084
0.70387
0.76285
0.69504
0.58713
0.37869
0.26899
0.333
0.55049
0.56289
0.57082
0.31088
0.27703
0.81122
0.78452
0.76888
0.56278
0.78653
0.65739
0.86584
0.66253
0.56289
0.59439
0.63081
0.47353
0.71738
0.66399
0.40483
0.43331
0.26921
0.22721
0.17493
0.68152
0.49129
0.37299
0.47174
0.38975
0.47978
0.21437
0.61361
0.46593
0.33613
0.45565
0.23514
0.24363
0.65941
0.45554
0.88673
0.70107
0.90349
0.62712
0.68029
0.69906
0.6565
0.5124
0.64611
0.68253
0.31088
0.40561
0.67493
0.42192
0.55552
0.50089
0.41019
0.73548
0.562
0.57239
0.22487
0.58892
0.625
0.40214
0.72308
0.69057
0.67929
0.7538
0.66276
0.50067
0.54055
0.29457
0.56792
0.65572
0.63684
0.57417
0.61606
0.375
0.27312
0.090706
0.18532
0.18097
0.13148
0.15114
0.1231
0.30641
0.58501
0.58624
0.40628
0.47096
0.43856
0.27938
0.66957
0.77636
0.77714
0.72844
0.58065
0.65237
0.50022
0.69828
0.51564
0.52346
0.25067
0.21638
0.25559
0.80485
0.61294
0.78943
0.55474
0.58043
0.68789
0.72375
0.6088
0.29748
0.44292
0.35244
0.27279
0.28407
0.22263
0.1842
0.23447
0.2118
0.20509
0.15471
0.15471
0.16309
0.17639
0.15181
0.1775
0.65874
0.45096
0.31714
0.35836
0.56401
0.27335
0.20264
0.67125
0.50201
0.090929
0.46113
0.60165
0.26229
0.25335
0.90628
0.66667
0.75235
0.82317
0.51877
0.24687
0.37679
0.24866
0.29267
0.21101
0.78128
0.72967
0.78351
0.78374
0.65605
0.71705
0.65427
0.77647
0.74341
0.40214
0.73749
0.9714
0.55552
0.73157
0.65203
0.53876
0.52122
0.47297
0.4742
0.30127
0.25346
0.29368
0.22788
0.26765
0.17181
0.14254
0.17985
0.40058
0.81166
0.30954
0.51218
0.41555
0.27279
0.44493
0.6641
0.33479
0.55597
0.41276
0.36193
0.51095
0.82373
0.74676
0.61629
0.77592
0.35143
0.25916
0.29915
0.28485
0.25994
0.32842
0.21783
0.70051
0.66667
0.65807
0.67404
0.62478
0.61282
0.39399
0.29256
0.38126
0.74631
0.61752
0.55507
0.69247
0.75101
0.5973
0.69549
0.59685
0.51698
0.52726
0.58434
0.37087
0.34808
0.27871
0.21459
0.2099
0.15751
0.25335
0.6069
0.54055
0.48213
0.56088
0.29915
0.28954
0.54759
0.42616
0.60634
0.52234
0.31769
0.49643
0.70085
0.57038
0.76787
0.55529
0.54077
0.67259
0.54859
0.57965
0.51486
0.59182
0.39689
0.28385
0.44962
0.62143
0.52223
0.51798
0.52536
0.65159
0.56133
0.52759
0.4809
0.53016
0.42571
0.57294
0.46101
0.55038
0.4905
0.4857
0.47442
0.32038
0.40471
0.50581
0.67303
0.52368
0.51776
0.42706
0.43018
0.2414
0.21336
0.18275
0.16432
0.16097
0.14075
0.1269
0.28374
0.60154
0.42203
0.30027
0.43454
0.17516
0.42583
0.66488
0.58925
0.43744
0.79144
0.6384
0.58724
0.7366
0.32652
0.28385
0.26698
0.2147
0.32093
0.56669
0.65371
0.62321
0.68968
0.63651
0.46057
0.64812
0.39332
0.58088
0.46906
0.36249
0.3368
0.34484
0.21403
0.2405
0.20185
0.14164
0.20666
0.1641
0.14399
0.17393
0.14969
0.11137
0.092717
0.11562
0.36249
0.61014
0.40639
0.43744
0.48179
0.57786
0.30764
0.32618
0.58378
0.39354
0.31635
0.55485
0.43443
0.36461
0.42348
0.65404
0.78496
0.68465
0.78697
0.5945
0.42951
0.34171
0.25994
0.28228
0.24665
0.78586
0.58423
0.74765
0.76475
0.71861
0.19035
0.28396
0.15605
0.23604
0.39634
0.78105
0.61729
0.69292
0.61014
0.60612
0.60679
0.5887
0.65605
0.46001
0.52927
0.54658
0.22408
0.31702
0.2891
0.22408
0.24363
0.20521
0.2366
0.25849
0.61048
0.22353
0.40728
0.59752
0.23883
0.30541
0.48939
0.30898
0.3779
0.40695
0.41566
0.40829
0.30049
0.19861
0.69169
0.71448
0.46336
0.62936
0.77312
0.68353
0.52893
0.73715
0.73079
0.63874
0.49899
0.35512
0.19381
0.32954
0.59093
0.55641
0.56256
0.28932
0.2891
0.88427
0.77089
0.88148
0.65326
0.70565
0.71649
0.89343
0.56669
0.50402
0.66544
0.55384
0.7242
0.58601
0.42706
0.291
0.21794
0.1975
0.17583
0.60445
0.51888
0.30507
0.46861
0.47084
0.43789
0.2357
0.62656
0.49374
0.38282
0.40572
0.40974
0.088472
0.50045
0.542
0.7939
0.80641
0.74062
0.7624
0.6441
0.75916
0.71626
0.58601
0.45107
0.63874
0.71202
0.35445
0.58065
0.59328
0.56066
0.41063
0.49207
0.42996
0.68834
0.58691
0.58546
0.23905
0.52346
0.56513
0.65471
0.68432
0.59015
0.84193
0.69068
0.47911
0.53597
0.2863
0.63014
0.58445
0.68521
0.46269
0.56356
0.45152
0.2681
0.18499
0.16756
0.1479
0.13762
0.11282
0.21224
0.5067
0.59607
0.56021
0.43744
0.43923
0.2729
0.66399
0.74777
0.75503
0.73269
0.55552
0.50469
0.67326
0.57529
0.65963
0.45599
0.55697
0.25916
0.15996
0.28865
0.67147
0.69828
0.64332
0.47621
0.62243
0.66633
0.76084
0.34261
0.68722
0.52089
0.3464
0.32272
0.19716
0.18957
0.18387
0.23514
0.18923
0.21068
0.16287
0.16008
0.14879
0.16309
0.15795
0.14567
0.15561
0.12969
0.11349
0.1756
0.13572
0.15605
0.082105
0.07853
0.077636
0.077189
0.075402
0.075514
0.076072
0.075737
0.076072
0.075849
0.076743
0.076296
0.075849
0.077748
0.076296
0.077525
0.077636
0.077636
0.077413
0.076966
0.078642
0.077748
0.0792
0.076743
0.076854
0.076743
0.077301
0.076854
0.077525
0.076408
0.076519
0.076743
0.076966
0.077078
0.077078
0.076519
0.076966
0.076966
0.075402
0.076743
0.076854
0.076519
0.076184
0.077636
0.076854
0.077413
0.076631
0.076631
0.076743
0.076966
0.077301
0.076966
0.076743
0.077189
0.076519
0.076743
0.076854
0.077189
0.076296
0.076408
0.076854
0.076296
0.077189
0.076743
0.076519
0.076519
0.076408
0.076854
0.076408
0.076743
0.076854
0.075849
0.076408
0.076408
0.077078
0.076966
0.076854
0.076631
0.077413
0.077301
0.077078
0.076631
0.077636
0.077301
0.077189
0.075961
0.077189
0.076519
0.077189
0.077301
0.076519
0.076743
0.076408
0.076408
0.076408
0.075849
0.076631
0.076519
0.076743
0.077189
0.075849
0.076519
0.075961
0.076854
0.076854
0.076966
0.077078
0.076854
0.076743
0.077636
0.076854
0.076519
0.076072
0.076184
0.076854
0.077189
0.077525
0.077189
0.076519
0.076966
0.076631
0.076854
0.076184
0.076519
0.076408
0.077413
0.077078
0.076743
0.076743
0.076631
0.076743
0.076519
0.077189
0.076743
0.076854
0.076631
0.076296
0.075514
0.076408
0.076854
0.076854
0.076743
0.077078
0.076966
0.076408
0.076743
0.077078
0.076743
0.076631
0.076966
0.076519
0.076631
0.076631
0.076854
0.076408
0.076966
0.076743
0.076854
0.077301
0.076519
0.077078
0.076854
0.077078
0.076631
0.077189
0.076631
0.076743
0.077078
0.076184
0.077189
0.077301
0.076519
0.076519
0.077525
0.076296
0.077189
0.076631
0.077078
0.076631
0.077189
0.077189
0.076966
0.076519
0.076296
0.076184
0.075961
0.076631
0.077189
0.076743
0.076854
0.077301
0.076854
0.077078
0.077413
0.077189
0.076631
0.12388
0.11595
0.10221
0.10947
0.105
0.068029
0.12411
0.12835
0.1527
0.14891
0.12857
0.31501
0.32306
0.19672
0.16466
0.2586
0.15147
0.89231
0.66454
0.45666
0.75346
0.31378
0.14913
0.85713
0.73604
0.52312
0.73671
0.33769
0.29446
0.21124
0.78865
0.75737
0.959
0.67292
0.59584
0.30194
0.95353
0.68443
0.48604
0.74441
0.41499
0.8597
0.74989
0.49173
0.72431
0.38315
0.25737
0.76664
0.72933
0.85545
0.54681
0.67449
0.26374
0.36037
0.2958
0.25693
0.27547
0.19325
0.23291
0.17985
0.19057
0.19225
0.24475
0.22453
0.22464
0.14935
0.16108
0.093722
0.12455
0.075626
0.10288
0.15728
0.2109
0.22844
0.20722
0.16175
0.22196
0.18476
0.16209
0.13952
0.16946
0.25514
0.3397
0.166
0.21917
0.19929
0.17348
0.16276
0.11171
0.11886
0.11282
0.1002
0.10333
0.0916
0.087802
0.084562
0.085456
0.11472
0.12601
0.104
0.14801
0.12936
0.1116
0.10221
0.099419
0.10087
0.11908
0.14187
0.15862
0.12701
0.14511
0.30775
0.32641
0.21504
0.15002
0.28519
0.77391
0.69929
0.46135
0.77636
0.59875
0.29524
0.72029
0.68599
0.41276
0.77223
0.3216
0.29636
0.87143
0.79066
0.90159
0.49922
0.666
0.31177
0.83881
0.66309
0.42549
0.66588
0.54982
0.34718
0.90583
0.72118
0.5076
0.75983
0.40471
0.33747
0.22755
0.87824
0.67248
0.98481
0.53742
0.64455
0.32116
0.32663
0.25436
0.19348
0.24598
0.23302
0.19336
0.18677
0.22844
0.22777
0.17784
0.21425
0.20074
0.14298
0.16968
0.11349
0.12601
0.099084
0.17113
0.21761
0.22699
0.20018
0.15382
0.2328
0.17784
0.14567
0.1641
0.1345
0.1727
0.2758
0.33501
0.21626
0.2166
0.21973
0.17974
0.16063
0.12064
0.1069
0.11517
0.097185
0.10512
0.09227
0.086908
0.082105
0.086685
0.082775
0.087913
0.085456
0.081099
0.079312
0.078753
0.077636
0.075514
0.076854
0.076966
0.077301
0.076631
0.076184
0.076966
0.076631
0.076184
0.076966
0.077748
0.076854
0.077078
0.079088
0.49073
0.63662
0.76631
0.63036
0.71571
0.3731
0.47621
0.51955
0.45275
0.57607
0.58445
0.50045
0.53161
0.59283
0.46414
0.22308
0.22062
0.28988
0.38997
0.48012
0.8349
0.56334
0.52659
0.72822
0.51363
0.47096
0.59752
0.78362
0.8139
0.91142
0.76128
0.63606
0.6021
0.37712
0.28172
0.22218
0.25626
0.16376
0.16354
0.14444
0.12031
0.13919
0.13092
0.10702
0.10366
0.11271
0.1002
0.096738
0.099643
0.090818
0.30217
0.73179
0.65639
0.4571
0.3998
0.26017
0.56691
0.54245
0.62232
0.78172
0.63438
0.42024
0.62846
0.76821
0.57674
0.73905
0.6317
0.50067
0.76084
0.6603
0.57853
0.78206
0.71079
0.50994
0.65617
0.61215
0.71638
0.49508
0.43487
0.56077
0.58992
0.4685
0.52625
0.2872
0.47263
0.4046
0.47844
0.39935
0.19761
0.28798
0.33222
0.19035
0.18622
0.13159
0.14745
0.12154
0.14131
0.12768
0.11048
0.099978
0.095845
0.098972
0.086685
0.1393
0.19001
0.58076
0.79949
0.45766
0.46012
0.42203
0.24252
0.38539
0.47531
0.46861
0.25894
0.19638
0.23749
0.14801
0.26262
0.65706
0.73101
0.50559
0.60869
0.57082
0.7405
0.6794
0.55597
0.646
0.22017
0.29267
0.20375
0.44459
0.64231
0.38561
0.28798
0.45163
0.087802
0.61126
0.5687
0.52189
0.62712
0.58579
0.53117
0.46034
0.37534
0.24151
0.18878
0.20733
0.15449
0.15114
0.15259
0.12545
0.10769
0.11092
0.15751
0.65874
0.78977
0.74252
0.34853
0.24062
0.21157
0.81244
0.58735
0.71303
0.31848
0.30831
0.32149
0.79882
0.57373
0.58903
0.48648
0.43811
0.48436
0.5076
0.48738
0.34261
0.74877
0.26497
0.20107
0.26888
0.80585
0.64589
0.61126
0.21023
0.25503
0.30317
0.57507
0.71101
0.64511
0.59104
0.49978
0.71638
0.65751
0.71325
0.79122
0.63785
0.4647
0.28932
0.20599
0.19471
0.17605
0.16119
0.16052
0.44269
0.5076
0.41354
0.313
0.37198
0.18856
0.39656
0.60567
0.31367
0.6059
0.43365
0.44035
0.29546
0.26866
0.54021
0.6002
0.53642
0.39857
0.27201
0.16287
0.32462
0.49073
0.59629
0.35802
0.20085
0.188
0.25715
0.47353
0.46157
0.54334
0.48157
0.21984
0.6145
0.58858
0.23123
0.32004
0.18823
0.16689
0.6412
0.53139
0.50268
0.45197
0.39142
0.22889
0.16499
0.16801
0.18454
0.12857
0.15929
0.10132
0.16622
0.73883
0.60891
0.50402
0.38908
0.62489
0.5706
0.61126
0.54859
0.44459
0.38561
0.47442
0.36986
0.50123
0.47353
0.61416
0.69459
0.57551
0.40885
0.5525
0.40483
0.61461
0.46861
0.60042
0.55876
0.17315
0.44917
0.47263
0.42337
0.34048
0.38617
0.47185
0.46392
0.24185
0.33289
0.24978
0.20655
0.16197
0.13394
0.13338
0.1231
0.13137
0.084786
0.12612
0.11852
0.10958
0.10422
0.099531
0.097744
0.091488
0.094504
0.090371
0.23995
0.67136
0.66209
0.70554
0.53452
0.43666
0.52547
0.61573
0.4924
0.56423
0.54044
0.59115
0.31915
0.83557
0.69794
0.44593
0.31892
0.25235
0.38025
0.77938
0.76821
0.75413
0.66901
0.37534
0.50637
0.63059
0.58054
0.40203
0.52067
0.55641
0.38427
0.87154
0.74218
0.83847
0.70643
0.41857
0.52201
0.59964
0.35378
0.38494
0.33914
0.21805
0.13975
0.17046
0.15829
0.13695
0.11316
0.11383
0.29357
0.50838
0.19471
0.48157
0.83423
0.92169
0.79759
0.97375
0.65427
0.59987
0.63382
0.67181
0.37232
0.2729
0.60378
0.59517
0.92482
0.7672
0.72755
0.64924
0.86919
0.91086
0.74352
0.66365
0.666
0.5363
0.90013
0.75045
0.76061
0.7042
0.88081
0.89131
0.74564
0.83311
0.57071
0.73336
0.42784
0.24419
0.15326
0.2338
0.22218
0.27424
0.17728
0.14723
0.12701
0.64857
0.78228
0.74073
0.86238
0.77357
0.69772
0.79792
0.74542
0.66644
0.5639
0.291
0.59964
0.44627
0.60255
0.56624
0.5048
0.54189
0.50793
0.47475
0.43007
0.41354
0.45889
0.57473
0.43231
0.42426
0.52156
0.49341
0.34908
0.47084
0.44917
0.25346
0.25983
0.21593
0.58322
0.53675
0.3616
0.23436
0.21761
0.15818
0.5363
0.58534
0.50894
0.47989
0.66164
0.40617
0.68219
0.54357
0.27122
0.20967
0.16801
0.30373
0.81479
0.66008
0.60355
0.61919
0.53999
0.62366
0.46034
0.5
0.51977
0.36092
0.27044
0.30049
0.50961
0.42337
0.42382
0.5162
0.54468
0.2624
0.59238
0.6584
0.63126
0.3149
0.22006
0.14086
0.28262
0.5973
0.62466
0.42225
0.4389
0.69806
0.52178
0.68555
0.67415
0.62578
0.58892
0.37768
0.59015
0.36807
0.53988
0.64198
0.68476
0.68432
0.65661
0.79278
0.61763
0.64779
0.78787
0.52301
0.6231
0.42951
0.48112
0.29792
0.28351
0.29479
0.23023
0.1317
0.13773
0.13561
0.13684
0.11539
0.10355
0.1164
0.10188
0.10813
0.095398
0.093164
0.093834
0.093052
0.091935
0.092382
0.088807
0.081099
0.085903
0.14366
0.83981
0.45375
0.64578
0.55898
0.49765
0.50268
0.2662
0.63483
0.72151
0.58501
0.51017
0.50592
0.40159
0.54234
0.64209
0.60467
0.46314
0.30753
0.18901
0.24911
0.51329
0.64891
0.39701
0.22163
0.34417
0.4008
0.17761
0.17873
0.1517
0.13818
0.19013
0.11763
0.10757
0.52011
0.60992
0.59897
0.67181
0.29915
0.42616
0.61618
0.52268
0.66287
0.37813
0.31781
0.28597
0.20331
0.66991
0.62511
0.46906
0.59685
0.54781
0.57529
0.69348
0.58155
0.71213
0.67884
0.68063
0.34149
0.29904
0.23291
0.22051
0.17605
0.166
0.14567
0.12779
0.17728
0.53195
0.47051
0.2013
0.39589
0.52368
0.25748
0.60098
0.52402
0.40639
0.67516
0.31971
0.23704
0.88975
0.65282
0.80395
0.79837
0.4599
0.34562
0.2796
0.27849
0.26642
0.92113
0.66197
0.79077
0.73548
0.70007
0.7195
0.62109
0.6832
0.74285
0.562
0.70621
0.70163
0.57283
0.69381
0.68231
0.55407
0.35746
0.47554
0.48548
0.37087
0.25279
0.27446
0.22799
0.23436
0.075961
0.22029
0.25402
0.20744
0.15438
0.45476
0.69046
0.50581
0.43476
0.46481
0.26307
0.53921
0.58769
0.30965
0.57965
0.40594
0.36908
0.27893
0.88103
0.7443
0.74196
0.34082
0.29155
0.27
0.28273
0.46895
0.4962
0.68633
0.68208
0.62042
0.4962
0.64053
0.59149
0.37064
0.2328
0.47911
0.71213
0.58143
0.66678
0.47721
0.79435
0.50849
0.72922
0.45387
0.54301
0.57808
0.41533
0.50514
0.34964
0.37634
0.19705
0.23537
0.15739
0.20945
0.24252
0.67337
0.61573
0.20442
0.55362
0.49441
0.28418
0.52212
0.51798
0.60232
0.5305
0.23447
0.34774
0.68398
0.57205
0.54714
0.66767
0.60802
0.39142
0.67639
0.5821
0.57272
0.60054
0.54949
0.62835
0.51296
0.31177
0.49531
0.58624
0.47185
0.46515
0.51866
0.64366
0.48034
0.53329
0.36327
0.46883
0.52994
0.55172
0.50246
0.45934
0.48012
0.20867
0.41723
0.34071
0.27379
0.4714
0.687
0.58691
0.48838
0.41253
0.43119
0.24989
0.22498
0.15751
0.12712
0.16566
0.14109
0.13315
0.1441
0.5592
0.47889
0.49118
0.34149
0.29379
0.73425
0.65226
0.6116
0.65371
0.60411
0.64544
0.72487
0.32306
0.27949
0.29055
0.19515
0.44281
0.54502
0.6842
0.68856
0.48313
0.50704
0.57038
0.67471
0.31267
0.61361
0.38785
0.3664
0.35199
0.3321
0.10612
0.2395
0.21269
0.15248
0.16343
0.14824
0.16276
0.14634
0.17862
0.15371
0.10836
0.11863
0.1498
0.44024
0.53374
0.4561
0.47185
0.50302
0.29759
0.5658
0.48224
0.29077
0.43253
0.48939
0.3721
0.38126
0.65136
0.69281
0.5544
0.8387
0.61204
0.42259
0.32183
0.31758
0.23972
0.42672
0.83009
0.47442
0.65371
0.90315
0.59205
0.33099
0.21291
0.27592
0.24978
0.69359
0.82049
0.43957
0.68577
0.61874
0.35489
0.64276
0.61439
0.57429
0.41834
0.5563
0.53374
0.28072
0.24508
0.32361
0.24553
0.094839
0.2882
0.17415
0.22632
0.54155
0.33534
0.14298
0.50413
0.42974
0.23771
0.26821
0.57965
0.31769
0.34216
0.46358
0.26508
0.33289
0.40337
0.79066
0.43186
0.56535
0.76173
0.875
0.73782
0.51475
0.6145
0.78463
0.52703
0.58043
0.47744
0.35199
0.31122
0.57507
0.5945
0.56758
0.34126
0.22364
0.80317
0.54446
0.67974
0.84618
0.69638
0.72442
0.91767
0.72386
0.57875
0.67549
0.53664
0.55976
0.66454
0.51676
0.34149
0.26698
0.20308
0.12735
0.17571
0.17125
0.67694
0.43599
0.38684
0.56468
0.42884
0.25614
0.57183
0.48715
0.44057
0.46258
0.22241
0.41745
0.55474
0.71682
0.79736
0.75424
0.83255
0.69169
0.74464
0.78921
0.56513
0.37679
0.56133
0.65293
0.38941
0.42382
0.58434
0.38997
0.52189
0.46973
0.3569
0.73146
0.54848
0.63181
0.42706
0.65538
0.56021
0.65594
0.64276
0.77234
0.65349
0.48503
0.59696
0.5792
0.44973
0.52223
0.67214
0.48939
0.61338
0.48079
0.26352
0.20297
0.16454
0.15125
0.13617
0.12511
0.37891
0.62958
0.57607
0.48883
0.47487
0.33657
0.62645
0.66354
0.66466
0.79133
0.57496
0.60221
0.54781
0.59249
0.45912
0.26743
0.25045
0.22453
0.30652
0.64354
0.6288
0.69996
0.55284
0.69951
0.56479
0.64712
0.64187
0.48827
0.34372
0.3225
0.25681
0.25983
0.2013
0.19247
0.21101
0.19068
0.20878
0.13963
0.17538
0.16544
0.11629
0.42449
0.60009
0.32272
0.3702
0.49352
0.29725
0.26977
0.62846
0.67907
0.14958
0.45163
0.54178
0.33166
0.2347
0.75492
0.61495
0.61439
0.72185
0.8502
0.50748
0.3454
0.26318
0.27837
0.25737
0.81323
0.77379
0.76441
0.78206
0.74352
0.73291
0.65025
0.68744
0.68577
0.66209
0.70521
0.5429
0.75782
0.37232
0.63584
0.60433
0.46872
0.47151
0.45085
0.38695
0.21705
0.25156
0.22341
0.22665
0.20431
0.24263
0.20252
0.15471
0.36137
0.67918
0.47654
0.43599
0.56099
0.23916
0.55563
0.57697
0.33222
0.5973
0.39343
0.33814
0.41142
0.73414
0.8321
0.55932
0.84171
0.3454
0.25961
0.29479
0.25905
0.26374
0.50748
0.68756
0.71504
0.7729
0.52916
0.70945
0.5897
0.38226
0.23525
0.53161
0.74821
0.53541
0.59808
0.42449
0.6708
0.68945
0.59651
0.53228
0.59651
0.56233
0.47006
0.49374
0.49866
0.39645
0.27636
0.2538
0.17493
0.19582
0.18622
0.39254
0.68845
0.50737
0.53508
0.52536
0.32116
0.5563
0.3092
0.42035
0.5754
0.40371
0.54714
0.23179
0.35143
0.68566
0.66097
0.59328
0.60836
0.57819
0.47207
0.65829
0.61428
0.52469
0.5811
0.55965
0.66443
0.50056
0.31311
0.52033
0.50547
0.60009
0.47129
0.53072
0.52145
0.6412
0.52971
0.49576
0.49576
0.57082
0.56077
0.47151
0.50793
0.44739
0.36841
0.44984
0.35847
0.45197
0.52659
0.6842
0.19482
0.52726
0.3387
0.45241
0.23592
0.19113
0.15639
0.16332
0.1431
0.13025
0.10869
0.34395
0.51843
0.42091
0
0.47855
0.23425
0.39276
0.64354
0.58624
0.61137
0.62288
0.59875
0.60981
0.68823
0.31647
0.27413
0.29033
0.33791
0.41935
0.43175
0.71749
0.56099
0.59439
0.56088
0.71269
0.30597
0.69482
0.43018
0.37947
0.32261
0.36204
0.093052
0.20845
0.21191
0.15315
0.16767
0.16142
0.1536
0.18074
0.1412
0.1613
0.12143
0.15058
0.42728
0.61964
0.47386
0.48704
0.5544
0.29513
0.60176
0.52826
0.31524
0.5181
0.47163
0.38796
0.53865
0.69068
0.7357
0.72196
0.64332
0.42627
0.34216
0.3063
0.21403
0.28128
0.71682
0.56915
0.64712
0.88606
0.59115
0.35255
0.21604
0.24084
0.27156
0.39444
0.8454
0.62902
0.71995
0.51329
0.63282
0.63114
0.48738
0.60735
0.47319
0.52446
0.49553
0.34763
0.18722
0.31535
0.27234
0.23045
0.086126
0.30127
0.17605
0.25246
0.56859
0.375
0.38762
0.47878
0.26821
0.271
0.64689
0.31222
0.34149
0.41622
0.42527
0.4771
0.46716
0.72688
0.61874
0.70532
0.96582
0.70375
0.46727
0.60869
0.86651
0.73883
0.5687
0.4151
0.33702
0.38539
0.61238
0.67437
0.49844
0.34908
0.23012
0.72029
0.67102
0.80529
0.71571
0.64969
0.87265
0.67058
0.59908
0.71336
0.52547
0.63181
0.59026
0.51664
0.31691
0.28061
0.16734
0.18912
0.17248
0.667
0.43566
0.42639
0.5611
0.43476
0.1985
0.55071
0.48827
0.42113
0.52815
0.23492
0.41008
0.62344
0.75101
0.8769
0.82954
0.76843
0.56445
0.79223
0.78307
0.65192
0.42024
0.56915
0.65996
0.31524
0.4637
0.58657
0.56468
0.39913
0.48056
0.39455
0.74598
0.55474
0.58903
0.43141
0.49319
0.60199
0.64678
0.59004
0.61718
0.77927
0.75391
0.54949
0.4857
0.6622
0.4857
0.73537
0.45755
0.59987
0.42773
0.25503
0.20856
0.14511
0.16521
0.13852
0.13237
0.24028
0.46224
0.66667
0.57026
0.4113
0.46336
0.25983
0.35634
0.73548
0.56345
0.84227
0.82451
0.58557
0.63584
0.69538
0.61618
0.49754
0.58881
0.30116
0.24374
0.33356
0.67851
0.6221
0.71336
0.54535
0.69236
0.58132
0.62399
0.53753
0.27714
0.34462
0.28586
0.25268
0.21772
0.14399
0.1756
0.18599
0.21325
0.13807
0.16097
0.14366
0.16611
0.1956
0.63494
0.48615
0.31043
0.4771
0.23548
0.22286
0.69102
0.60467
0.38762
0.57898
0.3225
0.28798
0.7796
0.62891
0.7099
0.79435
0.40181
0.24263
0.3416
0.24352
0.27178
0.82361
0.57339
0.82931
0.75782
0.66242
0.74698
0.66499
0.59853
0.66912
0.63572
0.55619
0.666
0.61707
0.73782
0.37869
0.66063
0.51653
0.41432
0.45755
0.42326
0.3187
0.21101
0.23425
0.22688
0.19459
0.2061
0.22163
0.17449
0.14488
0.35791
0.61416
0.46761
0.17951
0.42046
0.43041
0.2405
0.5305
0.51229
0.31647
0.47431
0.3435
0.34484
0.417
0.8025
0.61282
0.66935
0.28329
0.26933
0.24408
0.25246
0.23403
0.43577
0.62422
0.56323
0.65214
0.42382
0.56323
0.45353
0.29267
0.1937
0.23615
0.59495
0.51553
0.47464
0.39142
0.49162
0.62165
0.49765
0.23056
0.54546
0.43041
0.44783
0.36874
0.38494
0.46146
0.25268
0.28452
0.1737
0.21504
0.13651
0.18465
0.12176
0.2109
0.51564
0.47866
0.41309
0.3922
0.22263
0.41041
0.36718
0.40639
0.3674
0.41119
0.28496
0.47565
0.42918
0.53463
0.43029
0.37534
0.51866
0.42303
0.44861
0.38729
0.42672
0.39421
0.25391
0.38137
0.45007
0.34462
0.35914
0.3941
0.50279
0.33724
0.34584
0.38137
0.395
0.40494
0.39622
0.29781
0.32887
0.30987
0.28016
0.22029
0.26653
0.19951
0.36372
0.47654
0.33534
0.3445
0.29424
0.30239
0.16521
0.15784
0.11472
0.13416
0.12556
0.10545
0.11886
0.25391
0.38416
0.26318
0.31289
0.23436
0.20666
0.52402
0.40773
0.27122
0.46235
0.39488
0.3559
0.46325
0.20643
0.20163
0.20509
0.18778
0.26307
0.36495
0.43342
0.35858
0.36338
0.39142
0.23637
0.37455
0.26408
0.22889
0.24553
0.21381
0.1021
0.15538
0.14555
0.12478
0.12645
0.12992
0.11618
0.13773
0.12299
0.099307
0.10288
0.11059
0.25313
0.32507
0.27469
0.2672
0.28407
0.17851
0.21303
0.3139
0.24631
0.167
0.31356
0.26139
0.21068
0.30574
0.36874
0.35467
0.48503
0.32082
0.2529
0.19582
0.19258
0.15751
0.20688
0.35646
0.30708
0.35445
0.43108
0.33389
0.19169
0.15092
0.16086
0.13025
0.32473
0.40494
0.33188
0.3359
0.29077
0.28429
0.31971
0.292
0.30541
0.25413
0.25614
0.17817
0.14153
0.17795
0.166
0.14678
0.082663
0.16588
0.11562
0.14589
0.28184
0.187
0.20666
0.26318
0.13919
0.14634
0.26765
0.15907
0.19325
0.2252
0.20666
0.23492
0.15751
0.29748
0.25637
0.32451
0.25547
0.31244
0.33009
0.28318
0.27569
0.35143
0.24229
0.23134
0.15985
0.18208
0.15438
0.26296
0.26854
0.23492
0.16533
0.13137
0.31278
0.25782
0.31434
0.27614
0.27324
0.30965
0.29613
0.22509
0.18968
0.27178
0.19001
0.22565
0.21783
0.21202
0.18521
0.14366
0.1279
0.10746
0.10333
0.23771
0.19001
0.14768
0.18487
0.17404
0.11461
0.20889
0.20185
0.16521
0.18141
0.11215
0.16343
0.20766
0.26072
0.24229
0.24821
0.20766
0.24017
0.24285
0.18532
0.16119
0.18342
0.22665
0.14522
0.18063
0.17784
0.17795
0.16845
0.13394
0.21515
0.17817
0.16577
0.18443
0.17728
0.18878
0.18588
0.2004
0.18811
0.21783
0.17437
0.14756
0.15963
0.11841
0.19336
0.16287
0.18912
0.14142
0.17002
0.12746
0.10869
0.099978
0.090818
0.093387
0.087243
0.084786
0.12634
0.15047
0.15449
0.12712
0.12891
0.10154
0.11562
0.16912
0.15382
0.16365
0.16454
0.12891
0.13617
0.14399
0.13706
0.12746
0.13103
0.096626
0.086014
0.098861
0.12399
0.13438
0.11227
0.1403
0.11539
0.13394
0.13327
0.12455
0.12969
0.11227
0.080541
0.094281
0.093275
0.089366
0.084786
0.084339
0.082328
0.085121
0.084674
0.081434
0.080317
0.080429
0.0792
0.076184
0.076296
0.077413
0.076296
0.077301
0.077748
0.077525
0.076072
0.076296
0.077078
0.076854
0.077078
0.076631
0.077748
0.077525
0.077189
0.077301
0.076966
0.076966
0.077301
0.076966
0.076966
0.076184
0.076184
0.076854
0.077748
0.077413
0.076854
0.075961
0.077413
0.077078
0.077413
0.077189
0.075849
0.075961
0.076631
0.076854
0.076854
0.076854
0.076408
0.077189
0.076072
0.076854
0.076631
0.076743
0.076854
0.076631
0.076631
