12.265136
0.03932
0.059456
0.041882
0.043084
0.036054
0.060385
0.031837
0.03288
0.05458
0.039274
0.041497
0.041406
0.039433
0.039615
0.03941
0.040567
0.044308
0.054649
0.061043
0.04424
0.034104
0.040091
0.043515
0.038594
0.039932
0.039932
0.04288
0.062222
0.039478
0.060431
0.032948
0.05381
0.033946
0.034354
0.062449
0.033741
0.033696
0.03424
0.058685
0.049773
0.034649
0.034059
0.061633
0.053946
0.033469
0.033084
0.059569
0.03458
0.035374
0.044104
0.043832
0.061837
0.056032
0.045964
0.036553
0.039932
0.031882
0.04619
0.04542
0.060431
0.05737
0.038481
0.033129
0.050023
0.041701
0.046485
0.032381
0.039841
0.039297
0.036531
0.032494
0.032063
0.039796
0.040499
0.056667
0.061383
0.035215
0.037347
0.047619
0.045646
0.035283
0.048073
0.054059
0.036621
0.032676
0.035488
0.034739
0.038957
0.039274
0.040068
0.040136
0.037823
0.034467
0.034512
0.061224
0.050522
0.060476
0.054603
0.034399
0.033832
0.035397
0.063447
0.032834
0.034218
0.03458
0.034512
0.038095
0.032313
0.031859
0.060476
0.061156
0.034626
0.040907
0.037846
0.045669
0.033016
0.044535
0.060249
0.036825
0.037619
0.031769
0.037982
0.03746
0.031791
0.049841
0.034966
0.059252
0.046871
0.061088
0.037891
0.037075
0.058322
0.04059
0.037347
0.044399
0.03966
0.034966
0.031905
0.03737
0.06127
0.03542
0.031791
0.05
0.044354
0.038027
0.04746
0.036032
0.032313
0.043175
0.054263
0.040408
0.032132
0.034104
0.03483
0.0378
0.033469
0.040998
0.05059
0.034558
0.032268
0.031769
0.048866
0.036077
0.041315
0.036531
0.031882
0.03678
0.05483
0.037687
0.036327
0.04907
0.034036
0.034875
0.044921
0.035283
0.038231
0.036576
0.05
0.038413
0.034875
0.040499
0.044694
0.05551
0.033084
0.044512
0.032086
0.049841
0.037029
0.036463
0.031837
0.042562
0.045896
0.060748
0.051202
0.050272
0.047007
0.032971
0.032268
0.036168
0.048141
0.056848
0.033492
0.043583
0.057007
0.044104
0.045692
0.033719
0.037324
0.033605
0.039252
0.033719
0.057483
0.034331
0.044467
0.035193
0.035692
0.033379
0.034626
0.034875
0.038639
0.061927
0.034512
0.058073
0.03263
0.034036
0.059705
0.033311
0.032132
0.058549
0.034059
0.055805
0.0361
0.036893
0.033832
0.061995
0.059206
0.032154
0.034399
0.04102
0.057891
0.036304
0.059864
0.039433
0.044762
0.039388
0.060839
0.043764
0.032132
0.033492
0.056077
0.038639
0.051043
0.043741
0.055125
0.040023
0.03415
0.038503
0.042857
0.035692
0.054739
0.057098
0.0522
0.034354
0.052381
0.038526
0.03356
0.038753
0.035669
0.043855
0.054671
0.033628
0.031837
0.046916
0.042494
0.034626
0.056077
0.062721
0.045533
0.040612
0.049977
0.04356
0.048345
0.033537
0.050181
0.037982
0.03839
0.037211
0.033515
0.035714
0.054082
0.032812
0.043424
0.037302
0.041995
0.059615
0.034785
0.063311
0.033039
0.051451
0.054853
0.045397
0.050045
0.05932
0.033356
0.061587
0.050431
0.0422
0.043469
0.041156
0.051859
0.04542
0.059138
0.059841
0.055125
0.05068
0.039161
0.031837
0.033107
0.061247
0.046122
0.0378
0.056531
0.047619
0.043243
0.038844
0.061315
0.046054
0.054694
0.033039
0.039456
0.038073
0.036417
0.034422
0.058299
0.041224
0.037868
0.047007
0.036916
0.033923
0.063265
0.043787
0.036667
0.043333
0.037483
0.03576
0.056961
0.032721
0.060045
0.033379
0.032676
0.032721
0.059751
0.032449
0.060113
0.032857
0.039252
0.054649
0.058118
0.03424
0.046032
0.038005
0.031859
0.032721
0.048866
0.044989
0.060544
0.035374
0.0461
0.04839
0.032902
0.032041
0.034989
0.036961
0.03483
0.034626
0.03542
0.033923
0.034694
0.039683
0.061474
0.043152
0.043515
0.031814
0.043832
0.060068
0.032834
0.060952
0.039705
0.049864
0.033197
0.039093
0.044286
0.032472
0.034082
0.034785
0.055374
0.051633
0.055215
0.052766
0.037574
0.043583
0.034331
0.034694
0.039274
0.062925
0.031882
0.033991
0.034512
0.043968
0.043401
0.03415
0.034807
0.038685
0.033197
0.03288
0.063265
0.043923
0.046893
0.033333
0.035057
0.054308
0.052018
0.038118
0.034127
0.044263
0.037937
0.033265
0.033741
0.054331
0.0339
0.031814
0.04619
0.050771
0.056644
0.049705
0.047506
0.036984
0.05356
0.054376
0.045125
0.034104
0.039184
0.032857
0.033379
0.043356
0.033673
0.038821
0.043741
0.03424
0.046916
0.05932
0.034467
0.032358
0.032449
0.042517
0.050408
0.0361
0.032653
0.034444
0.05517
0.033855
0.035034
0.046032
0.032721
0.03254
0.047596
0.045351
0.044422
0.063243
0.043152
0.033537
0.03263
0.031973
0.036689
0.032585
0.052608
0.060884
0.035034
0.059592
0.031973
0.034036
0.047619
0.041338
0.03941
0.04966
0.047664
0.050499
0.061769
0.034717
0.046236
0.045896
0.035147
0.033401
0.032472
0.037732
0.03542
0.03551
0.059433
0.038503
0.032154
0.058163
0.032585
0.045215
0.032313
0.034921
0.034127
0.049705
0.036848
0.032268
0.032018
0.03254
0.044671
0.031814
0.033016
0.034104
0.034762
0.043152
0.035964
0.035782
0.033469
0.031905
0.036145
0.034966
0.051565
0.033583
0.035692
0.037211
0.049093
0.034785
0.032426
0.032177
0.04161
0.052744
0.050975
0.035578
0.042993
0.044966
0.051066
0.047937
0.036259
0.052608
0.043605
0.051678
0.040567
0.036463
0.032381
0.043696
0.052948
0.049229
0.042744
0.047143
0.033288
0.03619
0.035397
0.046735
0.036531
0.032721
0.032154
0.053832
0.047166
0.048503
0.037392
0.04873
0.045442
0.031769
0.060454
0.046168
0.037392
0.038481
0.051043
0.037642
0.032381
0.046893
0.063311
0.03771
0.035714
0.04127
0.039388
0.033673
0.034263
0.062766
0.061519
0.037188
0.033651
0.045351
0.032336
0.062925
0.04161
0.03458
0.053741
0.033356
0.053107
0.036984
0.032018
0.032268
0.049955
0.032721
0.038435
0.03839
0.031973
0.04034
0.03542
0.033628
0.031905
0.047143
0.041156
0.060249
0.04102
0.039048
0.033016
0.052971
0.036803
0.046349
0.054989
0.034127
0.034875
0.033265
0.039297
0.045533
0.04229
0.042585
0.032857
0.058027
0.047619
0.038209
0.033265
0.048866
0.03483
0.032902
0.056984
0.031882
0.034558
0.059592
0.033084
0.038163
0.039592
0.04585
0.053311
0.04898
0.034671
0.043129
0.057256
0.033946
0.03619
0.039342
0.034512
0.044422
0.039274
0.051088
0.044762
0.03415
0.05
0.039977
0.031769
0.033719
0.037324
0.049796
0.032381
0.060884
0.038776
0.040272
0.055306
0.033401
0.032063
0.053152
0.033537
0.035034
0.036621
0.032562
0.033401
0.037687
0.038073
0.039615
0.045624
0.03873
0.053515
0.047166
0.051383
0.06356
0.032336
0.061837
0.033152
0.045737
0.057166
0.036395
0.033719
0.033152
0.061814
0.033175
0.033243
0.036236
0.051565
0.03254
0.035737
0.034467
0.048367
0.047574
0.033288
0.031769
0.03932
0.051315
0.039864
0.040952
0.039819
0.042154
0.034875
0.034535
0.041497
0.03483
0.046213
0.056848
0.03737
0.034694
0.036213
0.031859
0.051383
0.032381
0.032766
0.04381
0.034422
0.060454
0.038639
0.046009
0.039297
0.033673
0.034717
0.032381
0.052653
0.035896
0.03619
0.057392
0.035782
0.033515
0.033968
0.03839
0.031859
0.03483
0.040363
0.039728
0.039841
0.054898
0.032449
0.059048
0.052608
0.034308
0.048685
0.051088
0.043946
0.038367
0.033628
0.053469
0.052381
0.061429
0.034376
0.040113
0.031973
0.049456
0.037687
0.040748
0.04059
0.04576
0.04102
0.040499
0.033991
0.039887
0.033424
0.037868
0.052834
0.040567
0.033039
0.036304
0.059909
0.050703
0.051701
0.051859
0.038458
0.054671
0.038186
0.045057
0.041995
0.040068
0.033424
0.033016
0.061247
0.044535
0.037937
0.045465
0.052902
0.061111
0.034512
0.058254
0.036236
0.04551
0.034671
0.03424
0.038571
0.042925
0.036803
0.036735
0.045624
0.034853
0.039819
0.043379
0.039388
0.054785
0.043175
0.035079
0.056871
0.049841
0.039955
0.036485
0.032766
0.043356
0.034444
0.038277
0.034739
0.032744
0.046916
0.063741
0.041905
0.036803
0.040635
0.057664
0.038549
0.043991
0.049365
0.040295
0.03483
0.03263
0.032698
0.032698
0.039705
0.04737
0.060522
0.040136
0.034467
0.035147
0.034671
0.038753
0.059773
0.031769
0.032993
0.061247
0.049841
0.045102
0.050476
0.061905
0.053719
0.037234
0.041429
0.032086
0.039048
0.062472
0.048776
0.058934
0.054422
0.04254
0.04229
0.045329
0.051905
0.058481
0.05449
0.03195
0.063175
0.04424
0.032268
0.037211
0.063311
0.044399
0.058912
0.056372
0.052132
0.032313
0.032268
0.042971
0.037506
0.05932
0.048163
0.036122
0.034671
0.03932
0.056576
0.058866
0.032789
0.032449
0.054671
0.038277
0.062336
0.052562
0.031859
0.034308
0.051383
0.05
0.040726
0.031882
0.031927
0.040159
0.034739
0.037937
0.056009
0.035896
0.05195
0.053923
0.033968
0.031791
0.033379
0.0322
0.03195
0.034059
0.033764
0.046304
0.03873
0.036916
0.04898
0.03229
0.031814
0.038299
0.034308
0.038798
0.039819
0.042721
0.058934
0.043605
0.052789
0.035828
0.059546
0.032381
0.033696
0.03415
0.037823
0.043878
0.056712
0.059138
0.047868
0.052132
0.043878
0.034286
0.03288
0.034785
0.052426
0.037642
0.032857
0.03381
0.0322
0.043946
0.044104
0.041451
0.040204
0.039909
0.044399
0.035011
0.056417
0.054467
0.046032
0.05229
0.042109
0.05195
0.06
0.038639
0.034308
0.053923
0.047143
0.032676
0.0539
0.035079
0.037959
0.031905
0.043311
0.036916
0.047619
0.032086
0.034875
0.035873
0.033515
0.0322
0.031882
0.047506
0.060771
0.035193
0.049841
0.040862
0.042268
0.038073
0.037415
0.033401
0.03195
0.034082
0.036871
0.051429
0.035578
0.033107
0.041995
0.040544
0.058889
0.05517
0.037755
0.036236
0.033084
0.045533
0.033379
0.032336
0.059569
0.041043
0.034966
0.044558
0.052517
0.037846
0.052517
0.04288
0.045079
0.054104
0.032857
0.036327
0.061565
0.039773
0.048209
0.045351
0.053968
0.057846
0.038141
0.043039
0.033787
0.033583
0.033946
0.039841
0.051814
0.041156
0.062132
0.037483
0.061497
0.037755
0.034127
0.04381
0.038503
0.043265
0.031769
0.051315
0.040385
0.04932
0.052721
0.040136
0.032971
0.031769
0.039728
0.035306
0.050726
0.037619
0.037211
0.042358
0.035692
0.046122
0.046644
0.03737
0.03907
0.032063
0.032154
0.03941
0.038322
0.051723
0.049887
0.041111
0.058413
0.036327
0.046485
0.034422
0.032789
0.032517
0.03449
0.039025
0.044875
0.037891
0.031837
0.032222
0.046871
0.05449
0.038141
0.042971
0.060023
0.043968
0.03932
0.051995
0.036961
0.051859
0.047982
0.036939
0.034286
0.034626
0.041542
0.04898
0.032834
0.033605
0.057075
0.03195
0.054059
0.043583
0.056463
0.040794
0.032857
0.032018
0.04059
0.053175
0.045488
0.059819
0.037188
0.032222
0.041678
0.032562
0.046871
0.034036
0.047959
0.052517
0.033515
0.053787
0.056054
0.036939
0.033832
0.046349
0.039909
0.040726
0.058776
0.036236
0.048866
0.05483
0.04229
0.060499
0.061905
0.031791
0.03195
0.031995
0.032018
0.034558
0.034853
0.043946
0.033197
0.039002
0.042381
0.041111
0.039841
0.044127
0.035624
0.061383
0.033107
0.034286
0.033107
0.050068
0.032812
0.03873
0.031859
0.034512
0.041088
0.033832
0.031882
0.031995
0.033424
0.047256
0.055374
0.06127
0.043583
0.061156
0.042041
0.03381
0.06102
0.052336
0.034059
0.037823
0.034059
0.054104
0.039909
0.038322
0.033401
0.031791
0.038118
0.032834
0.03712
0.046009
0.047732
0.047642
0.034649
0.041156
0.03458
0.034331
0.061655
0.03458
0.046349
0.05644
0.037868
0.034649
0.03483
0.044127
0.063175
0.036349
0.058254
0.032585
0.033447
0.050862
0.033401
0.035624
0.034535
0.057823
0.034694
0.061383
0.037755
0.036939
0.044354
0.034966
0.042653
0.039388
0.051156
0.043152
0.046395
0.061814
0.033424
0.057256
0.043107
0.040091
0.055193
0.044603
0.031859
0.054921
0.054717
0.033107
0.032268
0.032041
0.039637
0.032948
0.040794
0.033605
0.032154
0.032608
0.05254
0.033084
0.039501
0.044943
0.032834
0.061066
0.034444
0.056259
0.035034
0.039478
0.056644
0.046054
0.037687
0.056871
0.056757
0.044376
0.052653
0.032404
0.048186
0.054875
0.034671
0.038345
0.050952
0.031927
0.035692
0.031791
0.036531
0.033651
0.032245
0.044286
0.032381
0.033651
0.034104
0.03449
0.03805
0.045918
0.034354
0.052222
0.03263
0.032653
0.036417
0.032404
0.03263
0.046032
0.036236
0.03517
0.058435
0.046916
0.04288
0.045034
0.031837
0.032381
0.060454
0.03873
0.039161
0.041905
0.042948
0.057914
0.03805
0.04873
0.06322
0.039388
0.046122
0.046599
0.053968
0.039206
0.039093
0.041429
0.042268
0.051973
0.049705
0.033673
0.062063
0.031791
0.033719
0.042336
0.049138
0.036304
0.051905
0.061565
0.046825
0.034399
0.04458
0.04898
0.051587
0.043946
0.049116
0.053197
0.032018
0.05941
0.055147
0.037029
0.059592
0.031973
0.038549
0.049887
0.042653
0.032494
0.032449
0.031837
0.033469
0.039683
0.053537
0.05322
0.039955
0.040635
0.043424
0.036259
0.037324
0.050499
0.0361
0.031859
0.035283
0.035238
0.033288
0.039365
0.032744
0.055918
0.049524
0.04059
0.033379
0.031905
0.032041
0.031791
0.052336
0.04907
0.032517
0.04449
0.03263
0.038503
0.034989
0.038435
0.038254
0.054921
0.033696
0.032472
0.032744
0.047098
0.034717
0.05381
0.036599
0.042086
0.046463
0.049615
0.03483
0.031882
0.050726
0.033946
0.038753
0.040227
0.039365
0.032313
0.032086
0.034059
0.060726
0.03229
0.058639
0.038866
0.058277
0.033923
0.034195
0.048821
0.040113
0.036032
0.034626
0.057823
0.044354
0.034717
0.035918
0.040839
0.032177
0.061474
0.03229
0.0322
0.034717
0.045692
0.055986
0.05898
0.040998
0.04322
0.045306
0.035782
0.039342
0.061134
0.053379
0.033787
0.031927
0.033333
0.052834
0.03898
0.057098
0.03424
0.03288
0.032154
0.060249
0.034195
0.060113
0.034649
0.03619
0.047098
0.035125
0.039433
0.048141
0.033719
0.034694
0.034807
0.053583
0.034331
0.040249
0.032404
0.033447
0.039592
0.039116
0.047868
0.054467
0.039025
0.033673
0.058912
0.061247
0.040317
0.033673
0.034218
0.063356
0.033878
0.046939
0.035805
0.032948
0.05068
0.033946
0.048844
0.034331
0.034898
0.040249
0.035079
0.042676
0.032177
0.035125
0.043719
0.034921
0.037868
0.034717
0.043243
0.059955
0.063311
0.061565
0.041519
0.032132
0.03941
0.046644
0.055215
0.035215
0.035011
0.033061
0.052517
0.039229
0.033787
0.04195
0.033741
0.051633
0.034785
0.041202
0.06093
0.06254
0.049819
0.043719
0.041769
0.040862
0.050952
0.034376
0.04619
0.032698
0.04458
0.033719
0.036077
0.038118
0.038027
0.057664
0.060544
0.03746
0.031814
0.044603
0.032608
0.032834
0.032653
0.040295
0.032336
0.042608
0.032789
0.032109
0.055034
0.03746
0.05932
0.034512
0.037823
0.050454
0.035034
0.051224
0.040862
0.037846
0.049161
0.054467
0.037778
0.032472
0.035873
0.034603
0.040295
0.043175
0.048844
0.038005
0.044354
0.05458
0.048889
0.034762
0.061542
0.031995
0.042336
0.034853
0.043492
0.033129
0.032245
0.0422
0.046984
0.05898
0.031927
0.035306
0.032721
0.048027
0.032336
0.038844
0.057619
0.036599
0.032268
0.035283
0.031859
0.043583
0.039864
0.035669
0.031791
0.035782
0.036689
0.036032
0.031995
0.03932
0.043424
0.04322
0.038776
0.033991
0.049002
0.038322
0.043764
0.035306
0.050454
0.039365
0.043129
0.04941
0.052608
0.033016
0.052154
0.043356
0.03415
0.032268
0.03195
0.051565
0.035147
0.058617
0.040113
0.039501
0.032245
0.048458
0.04907
0.043333
0.034694
0.035805
0.042449
0.034354
0.058367
0.046621
0.040635
0.046961
0.036054
0.035306
0.04415
0.040612
0.038005
0.052812
0.037007
0.033605
0.032562
0.031927
0.033061
0.038141
0.062676
0.044172
0.038662
0.043923
0.031791
0.031973
0.061315
0.03941
0.045034
0.038322
0.033696
0.042766
0.043719
0.044921
0.03381
0.043061
0.048345
0.034739
0.033832
0.042562
0.034082
0.040136
0.05907
0.042154
0.043878
0.043968
0.03746
0.052154
0.035442
0.054966
0.052132
0.033968
0.059501
0.03805
0.038435
0.037551
0.039206
0.046712
0.039705
0.034512
0.051995
0.059002
0.051701
0.040975
0.03966
0.03254
0.034014
0.03932
0.03424
0.037098
0.044853
0.047098
0.063605
0.044626
0.035873
0.049138
0.060385
0.039388
0.033946
0.033968
0.038209
0.038005
0.057052
0.037483
0.031837
0.043968
0.057279
0.048526
0.06059
0.045737
0.033197
0.037846
0.038435
0.033515
0.034558
0.047755
0.045805
0.054127
0.032562
0.033107
0.041542
0.038821
0.033764
0.031927
0.034331
0.032109
0.058435
0.037392
0.057302
0.033651
0.047664
0.041179
0.032245
0.044921
0.060454
0.035079
0.04263
0.032245
0.046984
0.057234
0.031905
0.033401
0.038594
0.035147
0.047029
0.037959
0.03483
0.033673
0.036304
0.063175
0.032721
0.059864
0.037211
0.055465
0.033605
0.033061
0.05322
0.040635
0.033197
0.033583
0.041338
0.034218
0.058685
0.045011
0.033968
0.034671
0.034444
0.03322
0.050295
0.038073
0.041088
0.032177
0.046667
0.04102
0.042608
0.032404
0.040658
0.032449
0.039887
0.037642
0.031769
0.032268
0.031882
0.049456
0.034739
0.045805
0.04102
0.046644
0.034331
0.035125
0.052177
0.033197
0.033832
0.04059
0.055147
0.048503
0.052902
0.034354
0.044014
0.048912
0.060272
0.047234
0.048934
0.061519
0.038231
0.033946
0.032948
0.061814
0.04873
0.037868
0.045556
0.048957
0.035488
0.036395
0.047664
0.042472
0.045805
0.03805
0.040975
0.057029
0.034807
0.048685
0.032925
0.061451
0.038005
0.034218
0.036349
0.051429
0.039637
0.039977
0.038299
0.053583
0.03254
0.040771
0.040612
0.043537
0.055306
0.034331
0.035011
0.031837
0.03195
0.043288
0.03712
0.041565
0.045986
0.03322
0.050726
0.056961
0.034853
0.048345
0.039501
0.032721
0.063084
0.032721
0.032562
0.049342
0.033016
0.054989
0.050499
0.035737
0.031905
0.032902
0.042222
0.060091
0.031995
0.032698
0.061315
0.046236
0.034739
0.038571
0.044399
0.043356
0.057415
0.03356
0.037755
0.04288
0.031927
0.039932
0.045102
0.04678
0.035193
0.060862
0.039274
0.042313
0.055193
0.042063
0.034263
0.049388
0.032562
0.03254
0.059342
0.048163
0.032426
0.04898
0.04746
0.047052
0.056236
0.037279
0.038095
0.033175
0.03229
0.032268
0.047619
0.032857
0.047528
0.059932
0.042721
0.048073
0.043855
0.041769
0.049184
0.032789
0.032721
0.040023
0.033991
0.032789
0.047347
0.053424
0.052494
0.05381
0.051519
0.034694
0.033016
0.033719
0.035737
0.033039
0.045646
0.060748
0.034218
0.060113
0.046485
0.049388
0.04
0.035782
0.045578
0.034036
0.033741
0.046304
0.046372
0.057551
0.034875
0.05415
0.035465
0.039365
0.031791
0.032404
0.035306
0.053764
0.034739
0.045918
0.032154
0.031927
0.032857
0.037415
0.031905
0.032018
0.033628
0.033039
0.048594
0.056735
0.059116
0.04619
0.05381
0.04771
0.038934
0.062789
0.035941
0.03805
0.039637
0.041769
0.041565
0.037982
0.038481
0.032766
0.033673
0.034989
0.034671
0.035646
0.035147
0.047551
0.039909
0.046395
0.037528
0.032426
0.049048
0.031769
0.033129
0.033583
0.031791
0.037778
0.037279
0.045442
0.032109
0.042608
0.044512
0.035465
0.032562
0.038231
0.037052
0.057098
0.036984
0.054104
0.061451
0.040771
0.03771
0.032948
0.032971
0.033356
0.040907
0.033991
0.056644
0.042313
0.038322
0.057846
0.034966
0.043787
0.036803
0.051723
0.031837
0.035147
0.045828
0.038118
0.038617
0.033311
0.037392
0.043832
0.032993
0.039864
0.039274
0.040567
0.053991
0.032132
0.044671
0.032041
0.036349
0.052086
0.041927
0.037642
0.061497
0.045238
0.050363
0.036485
0.043628
0.03263
0.032472
0.040023
0.033447
0.03381
0.038005
0.044762
0.031973
0.041791
0.053016
0.033401
0.052472
0.049592
0.0639
0.046213
0.035079
0.042154
0.032472
0.047324
0.037098
0.03229
0.032608
0.043469
0.04322
0.039297
0.043832
0.035261
0.054399
0.052562
0.03229
0.032426
0.040272
0.043311
0.035238
0.047234
0.037596
0.033537
0.06356
0.035125
0.032812
0.039524
0.037166
0.036281
0.031995
0.035397
0.058639
0.035918
0.03585
0.052245
0.041043
0.032222
0.032585
0.037823
0.033152
0.032177
0.034535
0.036825
0.0361
0.039048
0.049048
0.033696
0.031882
0.032154
0.052041
0.054399
0.037959
0.043243
0.050181
0.039252
0.031837
0.032132
0.057982
0.034014
0.033741
0.034535
0.039093
0.036009
0.034014
0.035578
0.040998
0.057007
0.042336
0.05195
0.031859
0.050499
0.043583
0.033787
0.060181
0.032721
0.03576
0.058458
0.034943
0.036281
0.04458
0.040975
0.049388
0.042132
0.031859
0.034263
0.035351
0.041837
0.043855
0.052245
0.032925
0.031927
0.063084
0.042902
0.033492
0.055442
0.032177
0.041088
0.051202
0.048481
0.043288
0.063152
0.036327
0.043719
0.047483
0.054195
0.035329
0.033288
0.033447
0.040113
0.034626
0.033152
0.033401
0.032358
0.038231
0.031882
0.03195
0.040975
0.050544
0.033175
0.050748
0.054467
0.034014
0.033175
0.056667
0.037483
0.033537
0.039887
0.032426
0.032381
0.0378
0.045533
0.052109
0.04941
0.031927
0.032154
0.052041
0.042857
0.052766
0.031995
0.033039
0.051202
0.036349
0.033197
0.043333
0.046916
0.040794
0.037483
0.050998
0.047506
0.05161
0.044172
0.052608
0.051723
0.047392
0.035692
0.040068
0.041882
0.033424
0.038186
0.056122
0.048707
0.033923
0.048798
0.039456
0.051905
0.040658
0.032971
0.050839
0.040839
0.034717
0.037778
0.031769
0.037755
0.043016
0.039252
0.032948
0.034286
0.036644
0.03483
0.032766
0.031905
0.043401
0.035692
0.043288
0.038299
0.060113
0.04322
0.034875
0.049274
0.038662
0.036689
0.059864
0.054989
0.046984
0.040204
0.052789
0.034354
0.046599
0.048209
0.061474
0.03288
0.050317
0.037596
0.034603
0.063107
0.03263
0.032789
0.039637
0.037732
0.059773
0.050499
0.034444
0.04746
0.031905
0.036871
0.056485
0.060385
0.061247
0.038912
0.035125
0.041973
0.033152
0.050998
0.039229
0.047574
0.052721
0.032086
0.035465
0.062358
0.033537
0.035986
0.038662
0.057619
0.04254
0.042313
0.05517
0.042018
0.034263
0.03678
0.04195
0.03576
0.032494
0.032245
0.038844
0.032268
0.037234
0.044127
0.044422
0.032132
0.045896
0.056327
0.037732
0.039025
0.04
0.044331
0.036122
0.033605
0.048753
0.032993
0.042766
0.040136
0.036916
0.039388
0.063243
0.032608
0.033039
0.034943
0.034104
0.035578
0.044626
0.053401
0.055986
0.037052
0.037483
0.043039
0.034717
0.0478
0.042109
0.044036
0.044195
0.044694
0.037506
0.053696
0.03898
0.035193
0.031814
0.042925
0.034195
0.036871
0.037664
0.033787
0.032245
0.059773
0.037506
0.041338
0.031837
0.043651
0.038186
0.046621
0.035442
0.035306
0.047959
0.03458
0.054966
0.056961
0.031791
0.033084
0.035283
0.03415
0.033039
0.033673
0.036122
0.035556
0.035533
0.053016
0.039501
0.036621
0.038277
0.034331
0.032857
0.049773
0.034263
0.032245
0.043016
0.034467
0.038662
0.043787
0.035556
0.041406
0.036803
0.034807
0.042018
0.048299
0.050816
0.046009
0.034807
0.049138
0.038005
0.031837
0.031927
0.035351
0.04619
0.037098
0.042766
0.040522
0.035646
0.055669
0.040181
0.032812
0.056531
0.038186
0.035692
0.042404
0.03873
0.034694
0.062041
0.054853
0.042698
0.044376
0.038095
0.041088
0.034376
0.035306
0.036145
0.046984
0.039796
0.035692
0.033515
0.035397
0.033447
0.033878
0.032358
0.03424
0.034104
0.032086
0.032041
0.037823
0.033084
0.033605
0.0378
0.040159
0.043968
0.037347
0.062086
0.034286
0.037483
0.032109
0.032018
0.03941
0.041655
0.052063
0.045714
0.042653
0.052676
0.045283
0.053968
0.032834
0.032721
0.036281
0.046916
0.040181
0.03195
0.043152
0.053991
0.033923
0.049116
0.061791
0.060091
0.036893
0.034014
0.055601
0.049116
0.054717
0.032585
0.036939
0.038186
0.033061
0.036327
0.042562
0.033492
0.043243
0.03932
0.035193
0.03424
0.03195
0.032109
0.037846
0.044807
0.034603
0.040272
0.039751
0.053107
0.032925
0.037619
0.033537
0.05102
0.034331
0.042449
0.050136
0.053016
0.032358
0.0322
0.032744
0.042222
0.035918
0.035805
0.052268
0.041066
0.032313
0.032494
0.045601
0.04229
0.038299
0.0461
0.03449
0.04288
0.032313
0.050454
0.031814
0.032222
0.052018
0.034785
0.05288
0.047937
0.055034
0.044014
0.049478
0.041837
0.049342
0.03941
0.034603
0.033265
0.032222
0.033628
0.035125
0.051429
0.047392
0.047778
0.0561
0.031859
0.050522
0.04356
0.033787
0.044014
0.03229
0.041111
0.036757
0.032948
0.034966
0.041859
0.032925
0.035374
0.05
0.039002
0.046009
0.032971
0.034422
0.041565
0.046372
0.033469
0.033537
0.046576
0.052585
0.050998
0.035714
0.047415
0.032426
0.041202
0.060091
0.05424
0.048503
0.04839
0.043197
0.031791
0.047234
0.032018
0.058209
0.035215
0.042766
0.03483
0.034762
0.043741
0.036712
0.031814
0.031859
0.034286
0.037211
0.057234
0.038345
0.047687
0.057098
0.057302
0.042585
0.038844
0.033628
0.041678
0.057619
0.042404
0.04712
0.046077
0.033469
0.060635
0.05907
0.036667
0.047029
0.03839
0.056553
0.036939
0.05229
0.033265
0.053855
0.038776
0.045011
0.04542
0.046531
0.032585
0.043424
0.038231
0.038617
0.061723
0.032857
0.032018
0.045238
0.046417
0.033492
0.03644
0.061134
0.043832
0.033197
0.046054
0.060884
0.041247
0.052925
0.058639
0.050136
0.040816
0.032993
0.051542
0.042676
0.041179
0.056077
0.062789
0.051429
0.032971
0.040499
0.037664
0.047211
0.035125
0.047188
0.05449
0.03483
0.034059
0.040635
0.038503
0.033469
0.047324
0.03449
0.034104
0.057755
0.033469
0.055578
0.039184
0.037778
0.04059
0.04517
0.046395
0.061973
0.035079
0.041202
0.034082
0.032766
0.055147
0.033878
0.032404
0.040816
0.054422
0.045669
0.031769
0.032426
0.037188
0.036961
0.041791
0.031791
0.031814
0.035805
0.049365
0.043651
0.036304
0.058345
0.04288
0.0378
0.035578
0.049615
0.032426
0.043107
0.034308
0.033061
0.06161
0.055261
0.035329
0.033741
0.033039
0.046395
0.052404
0.03712
0.035828
0.033084
0.03356
0.048209
0.03322
0.058095
0.033265
0.052971
0.03619
0.053469
0.032041
0.031769
0.05898
0.032313
0.034943
0.033265
0.037823
0.053356
0.035941
0.042993
0.032381
0.033107
0.040816
0.057052
0.03941
0.036599
0.035646
0.052063
0.032041
0.033311
0.057959
0.032517
0.060113
0.047166
0.039524
0.049955
0.051361
0.052948
0.034286
0.053356
0.035782
0.035102
0.054875
0.059796
0.034762
0.034649
0.037914
0.055374
0.034785
0.046054
0.035692
0.037483
0.032245
0.035488
0.051995
0.034127
0.048957
0.041723
0.042313
0.034082
0.049501
0.039184
0.043537
0.04619
0.039569
0.060839
0.032766
0.04839
0.033469
0.051859
0.045306
0.04
0.032834
0.039592
0.033741
0.039184
0.041701
0.044263
0.031859
0.03195
0.034014
0.043787
0.049841
0.034354
0.034444
0.059025
0.032744
0.056621
0.03356
0.049864
0.03254
0.033084
0.053107
0.046236
0.034263
0.033061
0.032086
0.047166
0.061224
0.033401
0.034195
0.038526
0.034989
0.031769
0.046576
0.044739
0.06263
0.03381
0.034943
0.052948
0.033288
0.057755
0.050499
0.034558
0.060544
0.047166
0.057188
0.033946
0.034172
0.042086
0.060794
0.054762
0.045351
0.039388
0.038866
0.032676
0.031791
0.05229
0.05288
0.048707
0.037778
0.048367
0.032472
0.049365
0.041338
0.034943
0.041043
0.032948
0.038073
0.043741
0.031769
0.032177
0.031769
0.031905
0.035896
0.032585
0.055238
0.034354
0.03483
0.034059
0.051474
0.051927
0.041111
0.058571
0.04356
0.037574
0.034966
0.033152
0.048073
0.035646
0.038889
0.035011
0.03619
0.054195
0.043061
0.054399
0.063628
0.039977
0.040884
0.045102
0.035556
0.034354
0.046349
0.047166
0.03941
0.033787
0.036485
0.053923
0.040272
0.053356
0.034354
0.053265
0.034467
0.043197
0.040907
0.051406
0.035488
0.061701
0.033333
0.046281
0.033515
0.057551
0.035805
0.031973
0.044263
0.037302
0.04381
0.055986
0.034104
0.033878
0.047347
0.053469
0.055556
0.047596
0.033673
0.050181
0.058844
0.038776
0.034014
0.057029
0.035918
0.035941
0.040159
0.033605
0.047211
0.057098
0.033311
0.031905
0.034036
0.037392
0.037392
0.052358
0.044762
0.035397
0.042857
0.041519
0.035351
0.042676
0.045465
0.032608
0.052041
0.032086
0.054535
0.054512
0.032812
0.033401
0.033855
0.037234
0.037506
0.03254
0.052041
0.032086
0.034218
0.045442
0.03263
0.055238
0.034263
0.034739
0.034195
0.034036
0.031995
0.037415
0.043492
0.056077
0.043651
0.037574
0.04127
0.040272
0.034649
0.035601
0.038866
0.046825
0.031791
0.046848
0.043016
0.054399
0.039229
0.050794
0.037256
0.037596
0.032041
0.031814
0.04941
0.035215
0.037982
0.044694
0.046871
0.031837
0.034263
0.049932
0.031882
0.059002
0.038458
0.053764
0.038549
0.039569
0.043741
0.054059
0.035601
0.03195
0.041202
0.040159
0.032404
0.033968
0.037324
0.033855
0.060113
0.033696
0.054467
0.033447
0.03254
0.05068
0.043583
0.061179
0.041995
0.03381
0.037324
0.054082
0.033061
0.032018
0.032245
0.034127
0.046893
0.043243
0.035193
0.038549
0.0361
0.061587
0.033605
0.05288
0.047755
0.063356
0.060091
0.034558
0.034331
0.055238
0.04483
0.042494
0.040884
0.036236
0.055011
0.043946
0.031882
0.063175
0.033175
0.034422
0.036122
0.034717
0.038073
0.034875
0.041202
0.040726
0.034626
0.044943
0.034694
0.045488
0.033129
0.05746
0.040204
0.039093
0.042676
0.052585
0.037982
0.034603
0.054943
0.033583
0.032268
0.056871
0.038209
0.034649
0.035261
0.035215
0.039252
0.057075
0.046757
0.032676
0.035125
0.033107
0.03229
0.032041
0.039615
0.032971
0.03254
0.032086
0.035193
0.034399
0.033968
0.032925
0.033537
0.036349
0.03322
0.033084
0.033243
0.037347
0.034649
0.046531
0.034671
0.034785
0.056712
0.03424
0.044512
0.034535
0.03678
0.042358
0.033651
0.032063
0.046009
0.032404
0.05229
0.046485
0.038957
0.04712
0.042154
0.03195
0.063152
0.040862
0.033628
0.032245
0.032789
0.043855
0.033696
0.06093
0.03424
0.034444
0.057324
0.055805
0.050113
0.040726
0.045737
0.039909
0.032676
0.039297
0.032086
0.058458
0.046939
0.055873
0.031995
0.031905
0.032336
0.037143
0.062041
0.043878
0.037256
0.042857
0.043832
0.052041
0.04415
0.031859
0.036032
0.033946
0.04381
0.054354
0.053923
0.035283
0.051791
0.03424
0.040726
0.049615
0.04966
0.036077
0.033016
0.033855
0.048866
0.033515
0.062517
0.043583
0.051905
0.061565
0.048662
0.032585
0.035215
0.032472
0.032358
0.041859
0.047188
0.045986
0.031837
0.040476
0.040794
0.034943
0.051066
0.040816
0.059569
0.03483
0.050612
0.034694
0.045465
0.04127
0.04034
0.036599
0.046054
0.047234
0.045079
0.057528
0.040635
0.043424
0.036281
0.03381
0.0439
0.049819
0.063537
0.060748
0.047143
0.032721
0.056168
0.045601
0.040612
0.034172
0.039093
0.03517
0.039932
0.036757
0.039955
0.038027
0.032426
0.036213
0.035488
0.039297
0.053787
0.046417
0.042177
0.033719
0.032472
0.032789
0.047256
0.03449
0.057415
0.033039
0.042132
0.040567
0.059524
0.032834
0.038617
0.054649
0.060113
0.040045
0.043107
0.058458
0.032041
0.050204
0.038277
0.058231
0.048073
0.050045
0.032109
0.044218
0.048844
0.040091
0.034082
0.036576
0.041224
0.033311
0.032494
0.033129
0.032653
0.060385
0.034014
0.044399
0.032109
0.031973
0.034626
0.041882
0.054059
0.052857
0.031769
0.038866
0.034535
0.032381
0.03576
0.039388
0.05873
0.039002
0.037846
0.031837
0.057166
0.041814
0.038957
0.057075
0.034286
0.032676
0.032336
0.045669
0.048776
0.055283
0.044286
0.036077
0.042404
0.049796
0.034558
0.047438
0.039388
0.041043
0.034762
0.03254
0.039206
0.035351
0.032222
0.033719
0.039546
0.038821
0.047891
0.050023
0.033741
0.042472
0.060023
0.061451
0.040204
0.033651
0.051156
0.046417
0.033878
0.034218
0.03966
0.038141
0.058594
0.036054
0.033968
0.051429
0.062381
0.039274
0.042653
0.032177
0.059274
0.048549
0.038707
0.036281
0.050454
0.057823
0.043583
0.033492
0.033719
0.054082
0.040862
0.03771
0.035238
0.059569
0.045215
0.034558
0.033039
0.042993
0.03941
0.033651
0.03254
0.038186
0.056621
0.043923
0.032041
0.060862
0.045986
0.034717
0.048027
0.044263
0.036485
0.038345
0.041497
0.034739
0.046576
0.032313
0.033923
0.039683
0.03288
0.049206
0.034853
0.060794
0.048844
0.032086
0.036463
0.050113
0.060272
0.03322
0.039206
0.035351
0.0522
0.032653
0.040703
0.031882
0.04898
0.05483
0.033288
0.061451
0.032585
0.035034
0.031973
0.060091
0.034671
0.04907
0.05805
0.050385
0.032426
0.035714
0.043968
0.040612
0.033061
0.033424
0.036168
0.049342
0.05458
0.03746
0.035873
0.054308
0.044875
0.032744
0.051859
0.062222
0.032313
0.051134
0.04195
0.049206
0.032041
0.032245
0.032971
0.036168
0.033039
0.040272
0.034739
0.036531
0.036327
0.032132
0.050249
0.060658
0.044286
0.033039
0.049977
0.042925
0.046757
0.049048
0.037732
0.032109
0.041406
0.032063
0.033288
0.031859
0.033447
0.044059
0.060113
0.03771
0.036032
0.03712
0.043243
0.056463
0.037166
0.045556
0.053039
0.045351
0.037007
0.041134
0.03839
0.060771
0.034739
0.033741
0.053447
0.052132
0.034354
0.036939
0.061088
0.04322
0.032336
0.042902
0.047438
0.036621
0.041088
0.057256
0.031927
0.046893
0.041406
0.041247
0.06
0.039025
0.033061
0.061429
0.03966
0.034853
0.055193
0.036939
0.032608
0.032676
0.048639
0.042744
0.042222
0.039478
0.037347
0.050136
0.047642
0.056961
0.043923
0.054308
0.03288
0.032381
0.032698
0.033333
0.035079
0.049524
0.047188
0.033923
0.055669
0.039229
0.033991
0.053946
0.049002
0.047143
0.033968
0.038753
0.060839
0.039433
0.049365
0.03381
0.03195
0.039388
0.037868
0.04932
0.046961
0.051202
0.034875
0.036689
0.047574
0.04839
0.041474
0.042245
0.037778
0.048889
0.036984
0.031995
0.04449
0.042245
0.032902
0.033311
0.045533
0.058503
0.034467
0.032517
0.031905
0.037029
0.038685
0.061973
0.03873
0.047528
0.042902
0.035238
0.046871
0.036553
0.032789
0.046077
0.039365
0.033628
0.033379
0.054082
0.034104
0.032086
0.033107
0.041655
0.037755
0.037347
0.04424
0.063311
0.04356
0.0422
0.035034
0.044014
0.04576
0.052948
0.033039
0.03424
0.043265
0.050408
0.033583
0.032812
0.049773
0.044127
0.031814
0.038481
0.037528
0.037891
0.032857
0.031882
0.035964
0.034263
0.031791
0.058934
0.031769
0.054195
0.034263
0.032109
0.033673
0.035533
0.062018
0.060884
0.039864
0.038866
0.038753
0.041927
0.04127
0.043265
0.035034
0.035896
0.034512
0.059184
0.039864
0.036054
0.058662
0.032472
0.059048
0.043719
0.034308
0.054739
0.041338
0.056531
0.038299
0.058639
0.048458
0.035215
0.034535
0.038503
0.037052
0.052109
0.046508
0.037755
0.046576
0.040499
0.042925
0.0439
0.04034
0.03415
0.044762
0.033311
0.033129
0.052834
0.040544
0.03678
0.032608
0.04585
0.034875
0.034649
0.032268
0.034195
0.061361
0.032245
0.031859
0.038141
0.045102
0.049002
0.033243
0.033197
0.033061
0.061247
0.044467
0.038141
0.057914
0.036395
0.050227
0.03195
0.037347
0.054671
0.033016
0.03229
0.048549
0.058934
0.044853
0.043673
0.032971
0.040612
0.034853
0.034898
0.048299
0.03254
0.06161
0.043175
0.035079
0.056848
0.049887
0.033311
0.057732
0.031859
0.04746
0.054921
0.045692
0.043379
0.040748
0.033129
0.034104
0.038345
0.03517
0.060816
0.044921
0.039002
0.044195
0.033152
0.034694
0.034717
0.032744
0.060748
0.053855
0.033061
0.03322
0.032132
0.040113
0.058639
0.045646
0.042585
0.055941
0.060454
0.037914
0.040771
0.033061
0.034807
0.038571
0.044354
0.043379
0.032063
0.032698
0.033719
0.033923
0.032063
0.039342
0.039637
0.044785
0.031882
0.050408
0.057619
0.032789
0.052041
0.045646
0.051587
0.034263
0.057778
0.038322
0.03746
0.041837
0.034785
0.040181
0.037211
0.044422
0.031814
0.031837
0.048707
0.032608
0.033537
0.037755
0.039002
0.035057
0.035374
0.035601
0.034444
0.062336
0.047075
0.032971
0.035805
0.038957
0.046712
0.041043
0.031791
0.037324
0.063673
0.03356
0.061995
0.052857
0.052517
0.05381
0.046576
0.049093
0.034989
0.031882
0.039569
0.038685
0.037778
0.038163
0.036213
0.059524
0.042494
0.03263
0.034444
0.036304
0.035805
0.045533
0.034036
0.033787
0.046304
0.045669
0.044172
0.034717
0.031837
0.032313
0.038345
0.034286
0.038821
0.032404
0.039138
0.058844
0.040113
0.063787
0.035351
0.035238
0.03195
0.062472
0.03415
0.037778
0.060658
0.039955
0.063333
0.058299
0.033832
0.039478
0.036145
0.034785
0.039093
0.049274
0.03229
0.038526
0.032562
0.036304
0.049252
0.038798
0.041429
0.040227
0.05449
0.035147
0.03805
0.03678
0.039909
0.04322
0.043537
0.03737
0.044376
0.052381
0.047982
0.035351
0.03458
0.032993
0.033265
0.053605
0.032449
0.032902
0.042154
0.055351
0.03932
0.035737
0.047664
0.037029
0.034467
0.037234
0.054875
0.03229
0.031905
0.047438
0.060476
0.040363
0.035442
0.031837
0.033379
0.035669
0.034694
0.032653
0.033333
0.03195
0.034059
0.036871
0.051451
0.035601
0.042358
0.032744
0.033288
0.032086
0.034036
0.05517
0.03195
0.047664
0.044626
0.047438
0.034263
0.039864
0.032132
0.04907
0.031995
0.032041
0.052018
0.038209
0.060068
0.037506
0.046939
0.035828
0.032744
0.032766
0.058141
0.043333
0.040113
0.033447
0.045329
0.057982
0.035646
0.056327
0.044512
0.054717
0.035397
0.033764
0.032268
0.032698
0.032653
0.03746
0.03585
0.046531
0.052426
0.037755
0.040408
0.042086
0.045261
0.031973
0.059864
0.031882
0.03619
0.044853
0.041451
0.037891
0.037937
0.040295
0.039751
0.035283
0.043379
0.044989
0.033537
0.054649
0.034399
0.038776
0.056259
0.034263
0.032562
0.034807
0.032653
0.052177
0.035941
0.035692
0.052313
0.041088
0.041587
0.053197
0.046417
0.034467
0.053764
0.042177
0.04288
0.049093
0.062381
0.035351
0.032154
0.034535
0.034671
0.038141
0.047914
0.055057
0.034626
0.048662
0.052018
0.036916
0.051927
0.043175
0.03619
0.035034
0.054989
0.045737
0.062063
0.050476
0.043878
0.035442
0.050317
0.040159
0.033764
0.063175
0.033152
0.058163
0.045556
0.035102
0.032449
0.035261
0.035601
0.04059
0.035215
0.05678
0.034921
0.045986
0.037324
0.033333
0.063333
0.05381
0.04907
0.050952
0.031905
0.041247
0.032721
0.047937
0.058798
0.036168
0.048866
0.048753
0.048367
0.060567
0.036463
0.046145
0.033923
0.033175
0.048458
0.036327
0.034785
0.035714
0.032653
0.037937
0.03195
0.032177
0.032472
0.05907
0.033197
0.039229
0.039501
0.040658
0.034059
0.043946
0.038299
0.058707
0.04839
0.032472
0.037347
0.035556
0.039955
0.052109
0.049433
0.040612
0.040771
0.040522
0.034195
0.05263
0.043469
0.054943
0.031927
0.041088
0.033197
0.0339
0.040544
0.04
0.038345
0.036893
0.034875
0.034626
0.046961
0.051859
0.038435
0.057052
0.035782
0.045079
0.041814
0.03576
0.033243
0.032948
0.061859
0.048685
0.037868
0.04551
0.049002
0.050227
0.03195
0.037347
0.038005
0.043039
0.035737
0.034739
0.037392
0.035397
0.046077
0.037415
0.036122
0.032902
0.038549
0.034898
0.057347
0.048798
0.045374
0.046349
0.031905
0.056848
0.032562
0.061882
0.04644
0.031973
0.033107
0.048821
0.033583
0.032472
0.043379
0.047528
0.04907
0.034354
0.042676
0.03483
0.044467
0.043107
0.043129
0.032313
0.061134
0.037302
0.035828
0.05229
0.033175
0.033832
0.033197
0.060522
0.040113
0.058662
0.045601
0.033016
0.032086
0.033447
0.031791
0.032925
0.031769
0.04263
0.033129
0.034762
0.038549
0.044376
0.036236
0.039229
0.032676
0.033741
0.033878
0.032086
0.039342
0.039637
0.043152
0.03356
0.04093
0.038481
0.031791
0.035986
0.045624
0.055193
0.042041
0.058503
0.054467
0.031882
0.06322
0.048209
0.032404
0.033129
0.04415
0.033946
0.036621
0.042086
0.047052
0.038118
0.033152
0.03229
0.03229
0.033719
0.032313
0.04805
0.04873
0.047755
0.048163
0.039615
0.056304
0.033673
0.034512
0.032653
0.033175
0.032562
0.031814
0.041769
0.038367
0.053401
0.031859
0.03771
0.036757
0.049773
0.061723
0.051043
0.043356
0.061474
0.060726
0.03424
0.032449
0.038231
0.043356
0.046327
0.032132
0.044921
0.039932
0.034104
0.033719
0.032222
0.059751
0.04415
0.034762
0.031814
0.032313
0.061973
0.049433
0.046939
0.035556
0.040431
0.047846
0.031927
0.03517
0.035782
0.063243
0.062993
0.033628
0.033061
0.057166
0.048186
0.05907
0.048209
0.048163
0.047528
0.034308
0.032857
0.034785
0.057937
0.039501
0.052336
0.039161
0.046757
0.041315
0.041406
0.040249
0.037143
0.03483
0.041338
0.040227
0.056304
0.037755
0.043379
0.03771
0.041905
0.032336
0.036803
0.049683
0.031814
0.045102
0.052857
0.03737
0.032721
0.053878
0.035102
0.047642
0.036122
0.038912
0.035918
0.039093
0.034036
0.032925
0.035896
0.033401
0.032336
0.032041
0.047279
0.060771
0.040091
0.044989
0.045351
0.037755
0.039796
0.03576
0.033401
0.035488
0.033447
0.033878
0.041678
0.037687
0.044444
0.040748
0.062993
0.04254
0.046644
0.037778
0.036213
0.033107
0.041746
0.032358
0.034694
0.062041
0.04907
0.041587
0.033583
0.040907
0.038322
0.059932
0.042902
0.041542
0.057596
0.03288
0.050884
0.047029
0.043469
0.044512
0.045329
0.057982
0.053832
0.038163
0.048844
0.050363
0.035442
0.049569
0.039705
0.038435
0.032676
0.044263
0.03746
0.061497
0.037755
0.040408
0.042789
0.044535
0.031973
0.059909
0.031814
0.036236
0.044853
0.041791
0.040907
0.03458
0.040295
0.043311
0.035238
0.047234
0.037619
0.033537
0.041678
0.040023
0.0461
0.059683
0.033583
0.033061
0.041406
0.033311
0.041701
0.035873
0.03576
0.05229
0.041134
0.037302
0.033424
0.031882
0.057732
0.03449
0.042268
0.038345
0.039025
0.057506
0.053991
0.035329
0.046871
0.05449
0.038118
0.047937
0.055034
0.044014
0.03932
0.039433
0.034943
0.038005
0.033333
0.062948
0.032222
0.033651
0.035714
0.050748
0.04746
0.034807
0.042177
0.034082
0.0322
0.042971
0.043583
0.033787
0.060204
0.046531
0.040045
0.04034
0.034966
0.04551
0.050113
0.039048
0.036553
0.052948
0.036032
0.039819
0.056644
0.043855
0.063333
0.05381
0.034989
0.035646
0.056236
0.046304
0.039909
0.034785
0.035692
0.050884
0.063197
0.048753
0.048413
0.038141
0.036825
0.052449
0.045964
0.035034
0.06102
0.04059
0.037438
0.033107
0.032063
0.03424
0.059841
0.036712
0.059116
0.052653
0.039388
0.043492
0.033401
0.061655
0.038345
0.034286
0.052812
0.052336
0.034875
0.032585
0.034082
0.034444
0.03195
0.03483
0.052313
0.040794
0.055057
0.034172
0.038095
0.040363
0.038866
0.04322
0.049002
0.034875
0.032177
0.04059
0.04
0.038345
0.044512
0.032789
0.0322
0.043787
0.051905
0.038413
0.054671
0.038231
0.045079
0.041837
0.035714
0.03322
0.033016
0.032086
0.033878
0.044512
0.037982
0.045397
0.049002
0.033356
0.048821
0.032721
0.059297
0.040227
0.034649
0.042177
0.05576
0.033537
0.054989
0.034195
0.060136
0.040068
0.037732
0.031791
0.040295
0.041565
0.043719
0.034512
0.056848
0.049887
0.033333
0.03737
0.034875
0.046984
0.043311
0.032336
0.042789
0.043356
0.036372
0.031859
0.032132
0.038322
0.038889
0.035057
0.040295
0.034354
0.041565
0.037415
0.034898
0.03712
0.031882
0.035578
0.038934
0.032222
0.033946
0.04737
0.060522
0.040136
0.044603
0.059683
0.042585
0.051633
0.036077
0.032971
0.061293
0.049819
0.045079
0.050476
0.058322
0.032109
0.043673
0.041383
0.050907
0.03932
0.039615
0.044807
0.043605
0.041882
0.057664
0.039274
0.04229
0.045374
0.051882
0.032358
0.038685
0.041927
0.035782
0.059342
0.048209
0.036508
0.033175
0.04
0.044399
0.036327
0.031927
0.032608
0.03356
0.052132
0.039683
0.038957
0.033537
0.03288
0.05932
0.052721
0.032857
0.033356
0.03932
0.043379
0.051429
0.035215
0.032109
0.033696
0.039546
0.038005
0.061746
0.053401
0.060771
0.032585
0.037166
0.047642
0.033515
0.057188
0.031973
0.04619
0.037891
0.049501
0.042426
0.041995
0.05644
0.05932
0.047234
0.060499
0.03771
0.033787
0.046281
0.042041
0.033583
0.049456
0.031837
0.031791
0.061995
0.049433
0.039819
0.042721
0.05356
0.034671
0.06356
0.033333
0.040771
0.04254
0.048889
0.033628
0.037868
0.055102
0.045442
0.054626
0.037846
0.035578
0.033016
0.041927
0.034308
0.032834
0.034807
0.06288
0.034558
0.032789
0.05873
0.046712
0.041361
0.038503
0.043129
0.054535
0.037823
0.032948
0.050363
0.034172
0.037732
0.043424
0.050091
0.052336
0.043787
0.033855
0.037415
0.034671
0.035125
0.040907
0.037415
0.032653
0.046463
0.034853
0.055351
0.050862
0.050249
0.03898
0.034218
0.039524
0.03907
0.033469
0.031927
0.032177
0.044966
0.063107
0.040249
0.044943
0.040862
0.04229
0.03805
0.037438
0.033424
0.031927
0.037075
0.033855
0.047415
0.03195
0.049728
0.035488
0.038095
0.038617
0.031791
0.031769
0.055465
0.063492
0.03254
0.032063
0.034649
0.04
0.032063
0.048617
0.03229
0.031769
0.052041
0.038141
0.060113
0.042902
0.04517
0.043107
0.039977
0.040068
0.061587
0.039819
0.048141
0.033946
0.031905
0.033492
0.035329
0.033651
0.060295
0.043515
0.033628
0.038503
0.040726
0.058413
0.043628
0.047574
0.037234
0.032721
0.050431
0.057075
0.042313
0.033401
0.043265
0.059887
0.031837
0.036236
0.044853
0.056122
0.040113
0.046576
0.05449
0.031769
0.050612
0.04127
0.033537
0.05102
0.034376
0.046145
0.04644
0.056281
0.03263
0.048277
0.055351
0.035941
0.04068
0.047302
0.037166
0.03288
0.035941
0.0378
0.038594
0.049773
0.042268
0.0422
0.039002
0.040703
0.042086
0.031882
0.032177
0.041995
0.059365
0.038118
0.042993
0.060023
0.043946
0.03932
0.034898
0.054059
0.038435
0.047959
0.050408
0.034286
0.034603
0.06127
0.062109
0.033605
0.033741
0.034195
0.035828
0.04068
0.042245
0.033787
0.037324
0.048821
0.042494
0.040249
0.053175
0.04551
0.031995
0.032562
0.046893
0.038707
0.0322
0.032993
0.036848
0.032154
0.03381
0.036848
0.063356
0.053764
0.031837
0.031837
0.063129
0.046485
0.039705
0.043878
0.041859
0.035986
0.048118
0.0439
0.033288
0.03483
0.04288
0.059116
0.043197
0.037937
0.032721
0.034104
0.049841
0.054739
0.057506
0.038776
0.042812
0.046848
0.04254
0.05619
0.04771
0.031837
0.043356
0.033197
0.045465
0.047551
0.044422
0.037007
0.053764
0.032902
0.061882
0.055034
0.06102
0.050726
0.062154
0.035805
0.057982
0.057143
0.059524
0.037188
0.0322
0.033152
0.033515
0.051882
0.046712
0.061111
0.043175
0.033197
0.033719
0.032789
0.056508
0.036213
0.041587
0.05
0.056485
