0.032154
0.03195
0.031859
0.035147
0.031882
0.041338
0.031791
0.059274
0.041179
0.032381
0.031882
0.032018
0.032948
0.032086
0.0322
0.032313
0.031927
0.037982
0.032018
0.032086
0.031859
0.031769
0.032086
0.045986
0.036984
0.055057
0.031814
0.03195
0.032404
0.036508
0.031814
0.031927
0.050295
0.032086
0.032018
0.03195
0.031769
0.031769
0.032449
0.031837
0.032154
0.03263
0.032766
0.031814
0.031837
0.056553
0.044104
0.031769
0.054921
0.032041
0.036304
0.032245
0.045397
0.031814
0.032041
0.032177
0.031995
0.031882
0.045601
0.031995
0.032063
0.056848
0.032018
0.031859
0.032472
0.031927
0.03195
0.032018
0.052948
0.033855
0.033152
0.033039
0.051927
0.033719
0.031814
0.044875
0.031769
0.03195
0.033946
0.031859
0.031814
0.053764
0.031927
0.032653
0.042494
0.051701
0.032177
0.060703
0.031973
0.032063
0.062653
0.031882
0.032449
0.031927
0.047166
0.03449
0.031769
0.032766
0.032063
0.043515
0.031791
0.031814
0.032245
0.049546
0.031905
0.03195
0.031814
0.033379
0.033424
0.034263
0.032063
0.031837
0.031995
0.057664
0.031791
0.032721
0.031995
0.031769
0.032063
0.032358
0.062948
0.031882
0.032517
0.035601
0.032562
0.032313
0.031995
0.035488
0.031995
0.051451
0.032109
0.03254
0.06068
0.032449
0.048549
0.032041
0.032948
0.031769
0.04585
0.032857
0.055193
0.032268
0.039456
0.041723
0.055397
0.03195
0.032358
0.032404
0.031859
0.031837
0.054989
0.033379
0.031927
0.03195
0.031905
0.044082
0.05907
0.031791
0.03229
0.031973
0.031769
0.032404
0.032336
0.041769
0.032063
0.031882
0.032562
0.031814
0.031905
0.050181
0.032268
0.03195
0.032948
0.033175
0.032494
0.032993
0.039297
0.053832
0.055057
0.032744
0.034104
0.031814
0.031882
0.031859
0.03229
0.0339
0.031814
0.032494
0.031837
0.033832
0.032018
0.032041
0.039478
0.031995
0.032426
0.039161
0.036576
0.041066
0.057755
0.031837
0.059365
0.045669
0.031837
0.047166
0.031791
0.032063
0.055646
0.031905
0.057982
0.031905
0.058707
0.031882
0.050045
0.032245
0.031973
0.031814
0.031837
0.031859
0.031769
0.043197
0.032109
0.032472
0.047438
0.031791
0.032018
0.032132
0.032313
0.031927
0.032676
0.031973
0.032426
0.044399
0.032154
0.031859
0.032018
0.050816
0.054558
0.032766
0.037619
0.032154
0.031837
0.031814
0.048231
0.056553
0.0322
0.031973
0.032041
0.032222
0.033583
0.032063
0.032109
0.031859
0.031859
0.031973
0.05322
0.050703
0.063492
0.032086
0.031814
0.032585
0.031814
0.031882
0.032132
0.047166
0.032132
0.036372
0.031995
0.032086
0.032132
0.03483
0.032948
0.058073
0.032336
0.031814
0.03619
0.031905
0.032812
0.048934
0.032177
0.03195
0.032041
0.03195
0.036077
0.031927
0.033265
0.031905
0.031837
0.062902
0.031791
0.031905
0.032336
0.031859
0.031814
0.032086
0.051134
0.031973
0.033039
0.032313
0.033107
0.053152
0.033628
0.063424
0.056848
0.031791
0.032358
0.054671
0.032018
0.060476
0.032336
0.033243
0.033197
0.038345
0.046757
0.034399
0.031769
0.032041
0.031859
0.032018
0.032404
0.031905
0.032041
0.032562
0.033061
0.031837
0.034082
0.051497
0.031769
0.032812
0.054399
0.032018
0.051587
0.03195
0.032063
0.032063
0.032404
0.032698
0.032449
0.056349
0.032426
0.049501
0.032336
0.041474
0.032426
0.031814
0.043583
0.032744
0.062812
0.032086
0.033946
0.032426
0.048231
0.039365
0.031814
0.039478
0.033379
0.031905
0.031837
0.032381
0.03229
0.032109
0.032494
0.053152
0.033129
0.031973
0.032222
0.032834
0.056032
0.033424
0.04712
0.033605
0.031927
0.032041
0.041587
0.04619
0.048458
0.032766
0.040181
0.03229
0.031995
0.034444
0.04229
0.03195
0.052971
0.031859
0.031814
0.032245
0.032472
0.031882
0.032268
0.059751
0.031973
0.032925
0.031859
0.035782
0.03195
0.033719
0.033197
0.033039
0.032041
0.050658
0.0322
0.0322
0.032336
0.050499
0.03263
0.03356
0.032154
0.05
0.032268
0.032585
0.032381
0.031859
0.031927
0.031769
0.062766
0.031882
0.032993
0.047483
0.057075
0.040567
0.031905
0.03229
0.0322
0.032404
0.032404
0.032336
0.031769
0.032268
0.031769
0.03254
0.031837
0.060408
0.042132
0.032472
0.031814
0.031882
0.032086
0.031882
0.032177
0.032608
0.043968
0.033333
0.038912
0.032381
0.031859
0.04034
0.031927
0.031837
0.031791
0.0322
0.034467
0.031973
0.032381
0.031769
0.032109
0.031791
0.03195
0.032268
0.032063
0.039501
0.031882
0.032336
0.032086
0.031973
0.047664
0.032041
0.031859
0.032358
0.032789
0.031769
0.04093
0.032562
0.031927
0.034649
0.031927
0.031905
0.032154
0.04449
0.040612
0.037506
0.031837
0.031769
0.032109
0.031814
0.031769
0.0361
0.032268
0.032812
0.032472
0.031791
0.050658
0.038186
0.032041
0.032063
0.031927
0.032653
0.032222
0.031882
0.032041
0.032948
0.045737
0.031814
0.032222
0.032086
0.050726
0.031882
0.032063
0.032154
0.032721
0.038776
0.031905
0.031995
0.05619
0.03288
0.034399
0.059592
0.032086
0.03229
0.031769
0.032018
0.03263
0.03195
0.031814
0.033311
0.049819
0.031814
0.032177
0.03229
0.048753
0.032789
0.035147
0.056644
0.031927
0.032086
0.032154
0.04932
0.057891
0.031791
0.031882
0.033469
0.031769
0.051406
0.032018
0.057891
0.032472
0.036984
0.031837
0.031995
0.031769
0.057438
0.032086
0.031859
0.032585
0.034989
0.032177
0.042925
0.033878
0.032948
0.032698
0.031882
0.032358
0.031905
0.032222
0.032449
0.032449
0.045624
0.032109
0.058254
0.031814
0.032449
0.032063
0.032404
0.032063
0.032063
0.031814
0.049388
0.051973
0.032018
0.032517
0.051587
0.034921
0.031995
0.032018
0.032018
0.032948
0.031837
0.03195
0.032132
0.031905
0.039116
0.031973
0.031859
0.031905
0.032902
0.062404
0.031995
0.054694
0.031882
0.031905
0.032585
0.032245
0.032449
0.05288
0.032041
0.03195
0.032381
0.033016
0.06068
0.032041
0.032086
0.032313
0.039342
0.032109
0.047778
0.051927
0.032063
0.0322
0.031769
0.031882
0.033946
0.033764
0.031973
0.03195
0.033016
0.031769
0.03229
0.041723
0.061995
0.032268
0.032041
0.031973
0.031837
0.03229
0.062834
0.061565
0.052177
0.033107
0.032154
0.050317
0.035624
0.046327
0.053537
0.031814
0.031837
0.032086
0.05517
0.031927
0.032381
0.032041
0.031791
0.031995
0.039252
0.032063
0.060295
0.032381
0.032109
0.03195
0.032222
0.038299
0.03263
0.033628
0.032653
0.03229
0.032041
0.032018
0.032268
0.031995
0.031791
0.052653
0.032676
0.039274
0.032653
0.053061
0.031973
0.058073
0.032404
0.031791
0.031769
0.033152
0.032154
0.031791
0.031814
0.0461
0.031995
0.032041
0.032653
0.032358
0.039229
0.042336
0.048254
0.041701
0.032472
0.031837
0.032653
0.045442
0.032404
0.047143
0.031995
0.031837
0.032018
0.031973
0.031814
0.033265
0.032063
0.031859
0.032018
0.044308
0.031769
0.031859
0.032109
0.060771
0.032063
0.04322
0.031814
0.032063
0.032744
0.052721
0.032268
0.031814
0.031995
0.033492
0.053379
0.032449
0.032177
0.032109
0.050658
0.031791
0.037982
0.046735
0.032063
0.031995
0.031859
0.031791
0.033129
0.032154
0.047891
0.032925
0.03195
0.031837
0.033878
0.031973
0.032653
0.032154
0.03195
0.03356
0.060567
0.0322
0.032086
0.032721
0.033583
0.032472
0.031882
0.031769
0.031927
0.03195
0.033288
0.040068
0.03195
0.032041
0.032993
0.031859
0.032313
0.051338
0.032154
0.032472
0.03288
0.043605
0.031995
0.031837
0.041655
0.031927
0.031995
0.06322
0.032063
0.05839
0.032018
0.032245
0.031973
0.031791
0.032018
0.031927
0.032562
0.032222
0.032698
0.032449
0.048526
0.03483
0.033424
0.03195
0.031973
0.0322
0.053107
0.032063
0.059796
0.031927
0.034263
0.048821
0.032404
0.0361
0.059955
0.031882
0.031882
0.032245
0.031995
0.033333
0.032676
0.032834
0.034104
0.032608
0.036712
0.048345
0.055011
0.031814
0.033061
0.032086
0.03195
0.03229
0.031791
0.032653
0.048163
0.031995
0.032698
0.031882
0.031995
0.032245
0.05746
0.032925
0.036304
0.031859
0.031814
0.031791
0.031791
0.037914
0.032086
0.044966
0.033016
0.03229
0.031837
0.031927
0.032698
0.031859
0.032041
0.032222
0.048345
0.03195
0.031905
0.03381
0.032086
0.031973
0.031882
0.031837
0.031837
0.041587
0.053855
0.032041
0.03195
0.04229
0.032018
0.032562
0.043968
0.032041
0.052426
0.052925
0.032381
0.031814
0.032313
0.036281
0.033084
0.032018
0.031769
0.031882
0.056327
0.031882
0.032472
0.036372
0.032381
0.031882
0.037324
0.031927
0.031769
0.031905
0.031927
0.031995
0.032653
0.035102
0.033787
0.033107
0.031769
0.034036
0.03195
0.032494
0.032472
0.031973
0.032449
0.047937
0.062948
0.047302
0.03551
0.03415
0.060726
0.060544
0.031905
0.032948
0.038277
0.0322
0.031859
0.031859
0.031905
0.033016
0.05449
0.031837
0.031791
0.031905
0.039433
0.031837
0.031814
0.031859
0.031927
0.032812
0.052812
0.032018
0.033107
0.031791
0.041995
0.032834
0.032426
0.059751
0.032494
0.03263
0.031837
0.0322
0.033447
0.045306
0.040249
0.052744
0.031927
0.031882
0.032336
0.03381
0.032245
0.031995
0.032018
0.031837
0.057007
0.049365
0.03195
0.037392
0.032109
0.032086
0.056599
0.031814
0.032109
0.031995
0.031837
0.031995
0.055601
0.032041
0.032449
0.038662
0.04483
0.061587
0.031859
0.032336
0.032222
0.032426
0.033537
0.032132
0.03195
0.035442
0.032109
0.053356
0.051383
0.050862
0.037937
0.042154
0.039048
0.035283
0.048685
0.036077
0.038073
0.03966
0.033447
0.040385
0.032472
0.037755
0.036667
0.036644
0.060431
0.041315
0.05644
0.059252
0.034512
0.036621
0.053515
0.058617
0.037438
0.040816
0.042653
0.033537
0.035737
0.059365
0.060227
0.035215
0.047256
0.041973
0.033401
0.031882
0.03381
0.035351
0.052993
0.061859
0.042902
0.032721
0.063447
0.05127
0.039365
0.036576
0.034195
0.036712
0.045782
0.057778
0.035601
0.036077
0.053878
0.050068
0.035896
0.039524
0.036259
0.062336
0.059342
0.040204
0.037823
0.049229
0.059932
0.044717
0.060181
0.032404
0.032358
0.032834
0.052857
0.031814
0.042971
0.04102
0.057098
0.051315
0.033832
0.038277
0.032472
0.040159
0.042494
0.04483
0.034762
0.039683
0.031814
0.040454
0.034467
0.034807
0.036893
0.034807
0.03517
0.032562
0.045193
0.035079
0.042902
0.053424
0.043016
0.045283
0.032925
0.046939
0.033016
0.036417
0.031791
0.032109
0.032698
0.0461
0.037596
0.032268
0.037528
0.051361
0.035215
0.033855
0.045941
0.047755
0.052041
0.050499
0.037392
0.03356
0.034807
0.046984
0.033061
0.031814
0.040794
0.03356
0.03771
0.034558
0.032834
0.040181
0.035556
0.037846
0.032313
0.043719
0.032857
0.048254
0.041088
0.035034
0.06093
0.034331
0.039796
0.032902
0.033515
0.03449
0.05839
0.032268
0.033356
0.033356
0.045533
0.037959
0.050816
0.031905
0.05585
0.033039
0.038821
0.034127
0.036032
0.032744
0.04737
0.047211
0.049433
0.062358
0.033424
0.03263
0.035034
0.034467
0.032857
0.032993
0.049252
0.033832
0.045102
0.033333
0.033946
0.034989
0.033152
0.036032
0.06127
0.040499
0.033129
0.03712
0.041043
0.048617
0.048844
0.041769
0.032358
0.033651
0.038571
0.038345
0.03941
0.036372
0.03415
0.052381
0.03458
0.032812
0.034785
0.039388
0.033628
0.03839
0.045125
0.036939
0.033946
0.062063
0.031814
0.032268
0.041111
0.060045
0.038345
0.038866
0.03449
0.033492
0.032494
0.035261
0.046236
0.051678
0.044308
0.055193
0.060204
0.032358
0.06195
0.039297
0.033401
0.032313
0.032381
0.038639
0.035193
0.052653
0.032426
0.048662
0.059977
0.055283
0.033719
0.036122
0.039048
0.041043
0.041859
0.037506
0.040454
0.032585
0.033288
0.043084
0.039819
0.039751
0.044195
0.034082
0.056213
0.049705
0.049887
0.042336
0.040635
0.062925
0.053719
0.032086
0.047506
0.032404
0.03932
0.04
0.043447
0.043311
0.03542
0.042472
0.044172
0.032063
0.035079
0.03195
0.032857
0.052449
0.044286
0.045601
0.060136
0.041519
0.034535
0.031927
0.033741
0.033741
0.033424
0.03458
0.047891
0.044172
0.035578
0.043469
0.031927
0.041088
0.050884
0.046349
0.032336
0.036916
0.051224
0.047166
0.062812
0.035193
0.062494
0.03322
0.032358
0.03839
0.048073
0.06102
0.032472
0.044172
0.047347
0.032653
0.034898
0.032336
0.052653
0.056644
0.046599
0.038231
0.032494
0.054308
0.032086
0.031791
0.036463
0.061429
0.042381
0.032698
0.041701
0.038118
0.035397
0.041315
0.054263
0.050839
0.035782
0.03907
0.033107
0.03381
0.033515
0.032653
0.058889
0.038707
0.061474
0.056281
0.046485
0.048526
0.048934
0.035782
0.033243
0.048866
0.061111
0.054785
0.03263
0.033469
0.0439
0.040794
0.036508
0.050794
0.052132
0.046871
0.034853
0.036757
0.033333
0.03288
0.0378
0.031814
0.035329
0.04195
0.053333
0.035351
0.036145
0.048254
0.047302
0.051565
0.035306
0.034762
0.047732
0.037075
0.050159
0.050748
0.049569
0.033991
0.048118
0.034331
0.034898
0.038753
0.034989
0.042562
0.042404
0.052834
0.051202
0.036463
0.034966
0.049569
0.03229
0.037982
0.033583
0.053401
0.057347
0.04068
0.032698
0.05102
0.037778
0.033764
0.039252
0.050045
0.042336
0.033537
0.032766
0.055669
0.046576
0.035533
0.037506
0.034422
0.032063
0.044172
0.033673
0.058254
0.03195
0.046961
0.04093
0.059388
0.060635
0.059615
0.03839
0.042902
0.041973
0.04127
0.051542
0.059365
0.04415
0.052585
0.033515
0.059796
0.034671
0.043107
0.038798
0.049977
0.040975
0.037098
0.036689
0.050295
0.032608
0.037324
0.046417
0.043946
0.033628
0.045306
0.044535
0.038299
0.032336
0.055896
0.043492
0.033787
0.04254
0.037234
0.044694
0.036304
0.051837
0.040998
0.041088
0.032494
0.040567
0.040272
0.032132
0.04288
0.044558
0.039365
0.042993
0.03195
0.032086
0.036644
0.031859
0.039977
0.050023
0.033832
0.033175
0.052517
0.037188
0.038277
0.040023
0.063469
0.059252
0.062132
0.043288
0.031791
0.03195
0.044989
0.033016
0.032313
0.034399
0.053492
0.062993
0.035669
0.047166
0.033492
0.046032
0.062245
0.058435
0.036463
0.033696
0.032653
0.043583
0.056281
0.033197
0.037324
0.044444
0.039955
0.048005
0.033401
0.053469
0.031837
0.031837
0.04068
0.059615
0.033175
0.057234
0.044263
0.036417
0.032494
0.040181
0.035329
0.05771
0.05102
0.056054
0.03712
0.036304
0.033855
0.035692
0.033923
0.050431
0.036531
0.032268
0.035782
0.060113
0.035238
0.055306
0.039274
0.034558
0.055533
0.031859
0.031882
0.040975
0.034286
0.033039
0.036689
0.043311
0.057846
0.0361
0.036077
0.047392
0.052585
0.039342
0.037075
0.037868
0.042789
0.032585
0.04737
0.043084
0.048639
0.045714
0.03483
0.032018
0.033696
0.038027
0.045873
0.039025
0.05068
0.038617
0.043673
0.034036
0.035714
0.041315
0.032721
0.040884
0.049955
0.037143
0.050227
0.036349
0.031814
0.031837
0.055488
0.031973
0.031973
0.048753
0.032336
0.040454
0.050385
0.038526
0.038753
0.053537
0.034354
0.035805
0.032404
0.033764
0.032018
0.039751
0.041655
0.038073
0.033175
0.033265
0.043084
0.033356
0.054989
0.034444
0.045374
0.063447
0.061497
0.033311
0.063061
0.041791
0.049524
0.058912
0.05805
0.051202
0.031791
0.031882
0.062177
0.035692
0.035714
0.041814
0.03576
0.040839
0.049138
0.043651
0.04483
0.034785
0.045079
0.040884
0.039864
0.035737
0.033175
0.05898
0.039456
0.042834
0.063016
0.051587
0.053447
0.034376
0.03322
0.039728
0.040975
0.03576
0.047415
0.049342
0.032585
0.038753
0.045556
0.039456
0.050703
0.036644
0.032925
0.061791
0.042494
0.04322
0.034535
0.035442
0.055533
0.041723
0.061224
0.042993
0.033469
0.05678
0.035465
0.035873
0.039093
0.03356
0.040907
0.061701
0.033628
0.032154
0.031791
0.04585
0.048753
0.05873
0.041746
0.045782
0.045692
0.036417
0.040862
0.046327
0.035896
0.059002
0.033401
0.041156
0.058639
0.04932
0.045828
0.033878
0.031791
0.032132
0.051043
0.037868
0.03458
0.040068
0.045351
0.053424
0.038776
0.055374
0.038526
0.03746
0.03356
0.04805
0.049773
0.032494
0.036054
0.033265
0.033379
0.036621
0.033311
0.045397
0.042449
0.042381
0.032698
0.063424
0.041451
0.032812
0.033605
0.038662
0.044694
0.041429
0.037166
0.038073
0.048367
0.050703
0.034399
0.046009
0.047506
0.032336
0.036689
0.050862
0.033401
0.032426
0.060204
0.061293
0.032426
0.042086
0.042993
0.04585
0.046689
0.032426
0.032086
0.037075
0.062086
0.036871
0.0522
0.034467
0.049025
0.055873
0.04322
0.035034
0.042063
0.032472
0.032744
0.044172
0.039002
0.0522
0.039116
0.056576
0.052653
0.032834
0.034512
0.033265
0.054717
0.043424
0.036621
0.031973
0.049773
0.043401
0.04322
0.032971
0.041179
0.031837
0.03483
0.050476
0.038186
0.035306
0.063379
0.036485
0.041383
0.050408
0.033447
0.032154
0.043107
0.037506
0.055374
0.040612
0.045986
0.046531
0.035646
0.048662
0.04102
0.037052
0.032676
0.03458
0.0539
0.057007
0.043243
0.039728
0.052698
0.03898
0.035397
0.061451
0.035533
0.044263
0.045147
0.032177
0.043175
0.033447
0.03678
0.038889
0.04941
0.037619
0.052902
0.047392
0.061542
0.032109
0.042857
0.032766
0.036871
0.046372
0.032245
0.032177
0.063719
0.037166
0.051723
0.033447
0.050771
0.032041
0.032744
0.063356
0.056304
0.044603
0.031814
0.047415
0.035306
0.054921
0.035397
0.032948
0.039615
0.032268
0.039773
0.033401
0.048821
0.031791
0.034331
0.052109
0.046803
0.031769
0.059206
0.054943
0.056553
0.033311
0.037166
0.032063
0.042177
0.039524
0.032041
0.053492
0.035692
0.034943
0.053356
0.032404
0.033424
0.035964
0.04356
0.046757
0.042812
0.039025
0.037188
0.03932
0.034785
0.041202
0.033991
0.044853
0.049524
0.031927
0.047596
0.043605
0.061202
0.049909
0.041882
0.037211
0.047528
0.032222
0.055397
0.061769
0.045351
0.036961
0.031927
0.031814
0.034512
0.039002
0.037166
0.05873
0.033016
0.036485
0.058209
0.038889
0.035896
0.033333
0.054989
0.059388
0.035737
0.039274
0.038639
0.033129
0.039138
0.036349
0.038254
0.049388
0.042948
0.049252
0.034059
0.033379
0.043447
0.062902
0.038299
0.03195
0.050136
0.042132
0.040998
0.06161
0.053855
0.03356
0.040975
0.037574
0.040181
0.041814
0.03737
0.03805
0.04873
0.033696
0.038503
0.032562
0.036485
0.041451
0.059116
0.047982
0.037302
0.033492
0.034671
0.036372
0.044172
0.035147
0.03483
0.036712
0.049002
0.040159
0.042902
0.039478
0.033605
0.032766
0.031927
0.0361
0.0622
0.033764
0.050703
0.044036
0.039569
0.043356
0.038231
0.033787
0.055215
0.057664
0.042857
0.049456
0.054626
0.04966
0.03381
0.034943
0.048027
0.041066
0.033492
0.053923
0.04068
0.041202
0.034308
0.05288
0.05381
0.036463
0.046508
0.033447
0.032744
0.044172
0.033129
0.042834
0.055964
0.034717
0.033447
0.034512
0.042018
0.037619
0.048707
0.032948
0.034399
0.031882
0.031905
0.037188
0.039569
0.062313
0.031927
0.034444
0.045692
0.036757
0.038073
0.044014
0.05068
0.047823
0.036304
0.036395
0.032222
0.032472
0.033651
0.035624
0.056327
0.053107
0.034649
0.052585
0.05415
0.033537
0.039909
0.034354
0.034762
0.049728
0.036077
0.058186
0.041973
0.051701
0.033107
0.033243
0.055533
0.044354
0.033787
0.035034
0.043764
0.04517
0.036871
0.044512
0.034467
0.031769
0.033855
0.038231
0.034785
0.032154
0.048798
0.055714
0.042154
0.058503
0.034785
0.044399
0.04093
0.048594
0.036712
0.038639
0.035986
0.032336
0.03966
0.035918
0.042381
0.045828
0.036508
0.037188
0.032925
0.039932
0.033243
0.031837
0.03263
0.063379
0.03263
0.033379
0.058073
0.035828
0.063197
0.035125
0.041202
0.048957
0.033583
0.061723
0.038821
0.045533
0.049025
0.041066
0.049025
0.055692
0.036372
0.04127
0.042948
0.03322
0.056644
0.041542
0.038186
0.033061
0.033605
0.038821
0.03941
0.045193
0.03483
0.036984
0.032018
0.044104
0.032744
0.032789
0.033832
0.044218
0.057642
0.048821
0.031882
0.033583
0.043311
0.032834
0.039977
0.034218
0.048435
0.03898
0.035261
0.049206
0.033311
0.03229
0.03483
0.044649
0.032902
0.033356
0.035964
0.035669
0.040975
0.043696
0.033515
0.04941
0.031905
0.04068
0.044603
0.040635
0.043492
0.036259
0.057279
0.052766
0.048367
0.061565
0.034036
0.048118
0.061406
0.039002
0.038821
0.036939
0.041451
0.040884
0.055964
0.040295
0.061859
0.038231
0.04542
0.046916
0.033469
0.055125
0.038526
0.055782
0.031973
0.050023
0.033651
0.040227
0.047166
0.053379
0.0322
0.032041
0.051746
0.032971
0.047619
0.033129
0.042789
0.053492
0.041837
0.0322
0.058005
0.053061
0.061361
0.033469
0.032041
0.03415
0.057211
0.039252
0.038141
0.052177
0.034308
0.033855
0.043447
0.040612
0.051179
0.061973
0.031995
0.040612
0.053991
0.032971
0.042766
0.033537
0.038435
0.053492
0.04932
0.032993
0.035147
0.049274
0.042426
0.059841
0.03966
0.037891
0.035601
0.056032
0.057687
0.033243
0.039683
0.057392
0.043447
0.031769
0.032971
0.039819
0.039751
0.033311
0.04585
0.05644
0.033855
0.039751
0.03932
0.036054
0.032472
0.033764
0.053061
0.031837
0.039796
0.048753
0.03229
0.039955
0.032313
0.047052
0.041474
0.035624
0.031791
0.041088
0.063379
0.052109
0.034558
0.034649
0.034921
0.038934
0.037075
0.032789
0.032857
0.033401
0.035125
0.03195
0.032404
0.032449
0.043764
0.044218
0.033379
0.037823
0.032472
0.040907
0.047596
0.044286
0.042562
0.055057
0.032268
0.050454
0.041633
0.032063
0.031905
0.04771
0.036395
0.038866
0.033039
0.039116
0.033288
0.035964
0.035805
0.037528
0.033855
0.05356
0.043401
0.043107
0.056667
0.037188
0.033424
0.032721
0.032268
0.04576
0.033401
0.038821
0.033333
0.035737
0.050884
0.046893
0.038299
0.037166
0.044376
0.034671
0.035283
0.039093
0.03644
0.049456
0.03576
0.038821
0.032063
0.043243
0.034943
0.046644
0.033084
0.047914
0.033152
0.035351
0.03322
0.045918
0.035986
0.031837
0.03966
0.03932
0.035941
0.036145
0.063651
0.044671
0.042381
0.050952
0.042268
0.032517
0.035374
0.05068
0.032721
0.036599
0.032766
0.036168
0.037506
0.032562
0.033265
0.038027
0.033583
0.044467
0.06356
0.041542
0.035193
0.0361
0.032132
0.031837
0.046508
0.031973
0.031791
0.050454
0.047392
0.039592
0.033923
0.057347
0.042018
0.040975
0.053129
0.035556
0.03254
0.041406
0.033583
0.044104
0.038549
0.031973
0.036712
0.036236
0.047302
0.037732
0.048639
0.033401
0.037415
0.039864
0.042018
0.034127
0.045624
0.059365
0.040975
0.040227
0.031927
0.037098
0.062766
0.040544
0.045918
0.034694
0.055669
0.040839
0.039138
0.041202
0.051973
0.037664
0.048118
0.040748
0.045692
0.032268
0.045283
0.037052
0.058095
0.038844
0.033991
0.032154
0.036077
0.033197
0.034014
0.061429
0.038934
0.032494
0.034853
0.032222
0.03263
0.052789
0.048798
0.037959
0.032948
0.043447
0.036735
0.051179
0.043968
0.045351
0.032948
0.034762
0.031837
0.03551
0.057506
0.046984
0.045306
0.039116
0.043084
0.036689
0.058141
0.051837
0.032086
0.04093
0.034921
0.04093
0.035125
0.045601
0.056168
0.037732
0.049229
0.037778
0.034807
0.035714
0.052018
0.038118
0.032018
0.037642
0.039819
0.037778
0.061519
0.048549
0.046485
0.038753
0.033311
0.033084
0.05678
0.046485
0.034444
0.034898
0.055329
0.033107
0.039365
0.038571
0.032063
0.040476
0.058209
0.032404
0.035102
0.032177
0.031882
0.037551
0.031995
0.034626
0.047596
0.036259
0.032041
0.043515
0.033016
0.037506
0.060499
0.036485
0.051633
0.043333
0.031837
0.036531
0.032336
0.035714
0.033039
0.031769
0.033968
0.040091
0.031769
0.033152
0.031769
0.036712
0.032653
0.032721
0.032585
0.037914
0.038753
0.033537
0.034422
0.032608
0.03619
0.032608
0.036485
0.048821
0.043787
0.03712
0.040317
0.03644
0.038912
0.055737
0.032472
0.032698
0.033265
0.033107
0.031927
0.042494
0.058753
0.03356
0.049048
0.043084
0.035669
0.033946
0.038526
0.041542
0.03449
0.04254
0.055283
0.033946
0.043878
0.049478
0.057234
0.032177
0.034966
0.036145
0.040839
0.058912
0.034286
0.034694
0.040045
0.037868
0.032993
0.041451
0.033469
0.032154
0.033537
0.036417
0.045964
0.043492
0.031859
0.033265
0.040499
0.032948
0.032449
0.032245
0.037007
0.040295
0.038594
0.033583
0.034989
0.057868
0.04805
0.038503
0.035283
0.044036
0.055782
0.042585
0.045578
0.061361
0.04576
0.061973
0.032676
0.041814
0.031859
0.0322
0.032494
0.050726
0.034263
0.050544
0.045941
0.049456
0.053447
0.040884
0.034717
0.063379
0.061542
0.043583
0.063379
0.039478
0.032517
0.038662
0.039093
0.048549
0.031791
0.032041
0.046032
0.03322
0.034308
0.031859
0.031791
0.038753
0.042268
0.047211
0.057642
0.032744
0.041678
0.041542
0.032902
0.036054
0.055261
0.061723
0.04034
0.032449
0.040181
0.042154
0.031995
0.032086
0.059365
0.034512
0.039955
0.032902
0.033583
0.047596
0.044218
0.053878
0.040476
0.032041
0.032268
0.031995
0.038617
0.038617
0.039478
0.035805
0.040771
0.052812
0.046032
0.042313
0.036667
0.033787
0.03263
0.035397
0.03678
0.044898
0.061156
0.056621
0.052041
0.03254
0.036281
0.03805
0.059751
0.032971
0.032812
0.032902
0.03195
0.041633
0.034921
0.035941
0.041111
0.045533
0.04288
0.050884
0.040884
0.037234
0.043243
0.034535
0.040952
0.043175
0.034444
0.032041
0.036032
0.033968
0.03585
0.035692
0.044354
0.061315
0.047506
0.033923
0.046508
0.053107
0.040998
0.033401
0.056621
0.032789
0.032698
0.058435
0.061746
0.053175
0.038821
0.031859
0.034943
0.03195
0.03254
0.040159
0.036281
0.057256
0.039116
0.062426
0.03805
0.035351
0.056599
0.03458
0.052766
0.046145
0.035737
0.054739
0.034626
0.034014
0.03288
0.038254
0.033424
0.041973
0.038005
0.034717
0.036961
0.042494
0.041429
0.050771
0.034467
0.038141
0.033583
0.036621
0.036576
0.057596
0.056961
0.034467
0.038912
0.036735
0.043696
0.061179
0.033084
0.033016
0.057392
0.033923
0.044422
0.057937
0.037211
0.053855
0.031769
0.034989
0.049932
0.038299
0.041927
0.057166
0.033651
0.035125
0.058753
0.059524
0.038798
0.035873
0.050862
0.036599
0.042744
0.038798
0.035556
0.052177
0.04229
0.039184
0.038821
0.036757
0.03263
0.043878
0.036871
0.045215
0.039048
0.042336
0.032676
0.034331
0.037914
0.033379
0.033265
0.034036
0.035397
0.035873
0.034853
0.038934
0.036712
0.048367
0.032109
0.037098
0.049592
0.031927
0.039365
0.039524
0.037256
0.039342
0.034762
0.031837
0.057438
0.046054
0.036825
0.03195
0.049751
0.054898
0.04712
0.052177
0.032971
0.033333
0.0461
0.050499
0.032562
0.037166
0.05542
0.038776
0.033469
0.045147
0.03873
0.046893
0.031769
0.032494
0.033605
0.05356
0.035964
0.034308
0.032562
0.034785
0.039456
0.046009
0.047007
0.059615
0.036757
0.041633
0.046304
0.033424
0.058526
0.033719
0.056236
0.051519
0.051723
0.034966
0.032766
0.046054
0.03771
0.045692
0.036077
0.044535
0.034717
0.042744
0.031769
0.04059
0.033719
0.044218
0.038413
0.058617
0.041247
0.032245
0.036009
0.034626
0.051315
0.035714
0.034853
0.031791
0.033469
0.051224
0.032313
0.032154
0.034921
0.062222
0.048526
0.035737
0.039116
0.033061
0.051746
0.045669
0.035805
0.046213
0.035692
0.057732
0.032336
0.037619
0.041791
0.032766
0.031859
0.060385
0.046916
0.038322
0.035714
0.06229
0.032494
0.033016
0.048367
0.039909
0.038005
0.032517
0.031905
0.051474
0.047052
0.047234
0.041156
0.037098
0.034921
0.044603
0.053583
0.045397
0.032041
0.039184
0.038776
0.044626
0.033696
0.037982
0.033764
0.044671
0.044807
0.036327
0.032268
0.031859
0.040952
0.044535
0.049456
0.061156
0.052154
0.051224
0.032177
0.031837
0.058435
0.033288
0.057143
0.054762
0.037846
0.041791
0.032562
0.032472
0.05161
0.033719
0.036281
0.034467
0.032517
0.046848
0.043175
0.036304
0.046054
0.055941
0.040136
0.042925
0.032358
0.036395
0.035351
0.055329
0.053061
0.033492
0.056508
0.046825
0.036735
0.03356
0.043515
0.034739
0.054059
0.060476
0.032517
0.038231
0.061769
0.05161
0.035465
0.053061
0.034694
0.034082
0.03449
0.036054
0.051247
0.035442
0.039297
0.038435
0.037959
0.047029
0.054195
0.036553
0.038073
0.047642
0.03458
0.058458
0.043016
0.033673
0.054921
0.033878
0.034376
0.041088
0.035034
0.038299
0.039456
0.039932
0.046667
0.045556
0.038662
0.058889
0.041088
0.055918
0.046644
0.044943
0.049433
0.032358
0.040884
0.04542
0.056009
0.034467
0.04195
0.053832
0.035986
0.048163
0.056122
0.031791
0.031859
0.034331
0.043061
0.033764
0.035329
0.034082
0.03898
0.034286
0.058413
0.035102
0.032721
0.036281
0.03381
0.05712
0.045964
0.063515
0.040454
0.042018
0.037347
0.040816
0.039751
0.036689
0.04229
0.040726
0.042268
0.039569
0.033492
0.034263
0.034082
0.033741
0.040476
0.033107
0.04102
0.050635
0.034717
0.037302
0.035601
0.035624
0.042426
0.032834
0.044467
0.04873
0.054467
0.042834
0.04483
0.033628
0.047937
0.042834
0.034943
0.044739
0.033946
0.032608
0.038345
0.03288
0.036508
0.038844
0.03737
0.036644
0.031791
0.043424
0.052585
0.061542
0.032177
0.046848
0.040635
0.03483
0.033243
0.051565
0.05941
0.03195
0.031769
0.036122
0.040635
0.035374
0.040091
0.048141
0.037029
0.046803
0.047687
0.034308
0.037324
0.036916
0.044853
0.041655
0.036939
0.033855
0.034785
0.045805
0.034286
0.058299
0.033311
0.037506
0.048594
0.055601
0.038503
0.062336
0.03907
0.038821
0.038934
0.050839
0.04873
0.047891
0.040907
0.035533
0.040816
0.034127
0.034671
0.042517
0.034649
0.0361
0.037211
0.032381
0.038821
0.032766
0.032086
0.034308
0.040998
0.063084
0.040272
0.037868
0.041633
0.050839
0.034444
0.038118
0.041655
0.033152
0.033424
0.042245
0.045215
0.037347
0.037075
0.033243
0.04585
0.043764
0.040703
0.048685
0.033356
0.034626
0.03229
0.04034
0.033832
0.03254
0.035737
0.038617
0.03415
0.04288
0.044422
0.038367
0.032494
0.062653
0.039252
0.060816
0.042902
0.038889
0.033605
0.033515
0.061156
0.034059
0.032993
0.048141
0.057687
0.049841
0.061814
0.033084
0.03195
0.033719
0.040091
0.038345
0.03263
0.037596
0.035374
0.047732
0.045057
0.039002
0.042132
0.056621
0.051383
0.033107
0.03229
0.041701
0.043016
0.046259
0.044036
0.034127
0.034444
0.044059
0.046939
0.036032
0.034626
0.048209
0.038821
0.057256
0.056735
0.039977
0.040567
0.031905
0.033061
0.032472
0.0322
0.053923
0.032336
0.055079
0.053832
0.031973
0.031905
0.033107
0.034626
0.051723
0.039592
0.057891
0.05093
0.046485
0.051701
0.031769
0.031814
0.033401
0.036463
0.040771
0.051338
0.035238
0.03424
0.037596
0.03873
0.054127
0.035533
0.03322
0.047891
0.047256
0.048141
0.049161
0.036372
0.035261
0.034694
0.03737
0.051293
0.04898
0.03415
0.037755
0.037075
0.037007
0.035034
0.055374
0.035556
0.033129
0.050068
0.058005
0.03458
0.032698
0.032766
0.046077
0.039728
0.035714
0.039841
0.040975
0.0422
0.032517
0.062222
0.046984
0.04585
0.060295
0.036689
0.053039
0.052721
0.031814
0.034626
0.040295
0.038957
0.035102
0.039524
0.046463
0.040113
0.035533
0.033084
0.047937
0.053152
0.041088
0.034717
0.035828
0.033651
0.038118
0.032109
0.039819
0.033039
0.035488
0.032268
0.0561
0.032268
0.032041
0.05068
0.056236
0.038776
0.046349
0.034354
0.031769
0.04449
0.049909
0.044331
0.038617
0.039025
0.03195
0.042245
0.055964
0.059252
0.046417
0.040204
0.051179
0.032313
0.031859
0.037052
0.046508
0.047438
0.037755
0.045828
0.031859
0.038027
0.039297
0.048413
0.047075
0.052517
0.043152
0.046916
0.037438
0.038617
0.036531
0.043469
0.03288
0.059909
0.038481
0.032358
0.037664
0.035397
0.034717
0.0539
0.039615
0.050726
0.034626
0.052993
0.05873
0.033651
0.061338
0.039184
0.031973
0.033492
0.051655
0.039955
0.035533
0.039841
0.047823
0.032789
0.040249
0.063605
0.034059
0.033787
0.035011
0.057687
0.042676
0.03746
0.031769
0.03381
0.057937
0.054717
0.032268
0.033311
0.053878
0.060385
0.03678
0.039274
0.036961
0.03966
0.031814
0.031905
0.032109
0.036054
0.03737
0.046939
0.042562
0.035624
0.055215
0.04576
0.033855
0.056417
0.05263
0.04805
0.046395
0.037007
0.038685
0.03322
0.035397
0.039751
0.034603
0.033424
0.033333
0.055283
0.042517
0.03288
0.039342
0.044127
0.040499
0.03576
0.036848
0.036893
0.033175
0.033016
0.032812
0.032766
0.03458
0.038957
0.038798
0.033061
0.05288
0.037188
0.032902
0.040975
0.037007
0.055329
0.043016
0.033084
0.032789
0.046327
0.03381
0.039161
0.040544
0.034331
0.03873
0.039615
0.042766
0.038617
0.058186
0.039206
0.044943
0.039864
0.041338
0.031859
0.036281
0.034898
0.03254
0.052426
0.04619
0.037256
0.04229
0.035397
0.047052
0.035351
0.038934
0.033039
0.037279
0.060068
0.031769
0.036145
0.04678
0.043605
0.035941
0.041088
0.047687
0.056327
0.037868
0.034308
0.033787
0.032381
0.053311
0.032766
0.035488
0.042585
0.04161
0.035624
0.053787
0.053379
0.057392
0.050385
0.038413
0.045329
0.035669
0.031769
0.031837
0.03263
0.051474
0.041066
0.060884
0.060703
0.032313
0.033152
0.039751
0.050771
0.045533
0.034603
0.061338
0.035193
0.050136
0.043061
0.033084
0.033878
0.04805
0.033061
0.035329
0.048231
0.032449
0.038209
0.040975
0.042245
0.031973
0.034558
0.049025
0.031769
0.043447
0.034014
0.034376
0.03381
0.048889
0.032041
0.034059
0.048186
0.05059
0.055215
0.039637
0.031927
0.038322
0.032744
0.033265
0.051519
0.043061
0.036508
0.048005
0.034626
0.038141
0.038617
0.042177
0.05068
0.039546
0.033832
0.048345
0.045215
0.036553
0.035488
0.033968
0.033311
0.041156
0.040771
0.031837
0.031973
0.03458
0.0322
0.034649
0.033719
0.032789
0.040136
0.034558
0.036032
0.043832
0.043583
0.03839
0.054014
0.048776
0.033243
0.036644
0.062222
0.039478
0.040975
0.047914
0.039342
0.058957
0.032971
0.032993
0.03517
0.063515
0.051202
0.038141
0.045964
0.03195
0.061111
0.046009
0.045692
0.034127
0.048639
0.034853
0.057052
0.032109
0.050431
0.033288
0.058186
0.044172
0.033946
0.038141
0.059161
0.035964
0.042925
0.046508
0.041451
0.0322
0.037166
0.041043
0.061542
0.035714
0.034399
0.044376
0.041474
0.037846
0.046803
0.046032
0.044286
0.051655
0.03576
0.05517
0.04483
0.045669
0.049524
0.042585
0.055601
0.034875
0.046463
0.046576
0.034943
0.051769
0.052608
0.039592
0.032041
0.04254
0.058685
0.051247
0.032494
0.031791
0.037302
0.042766
0.037143
0.036871
0.036009
0.0322
0.040023
0.047302
0.037755
0.035578
0.06254
0.038231
0.038617
0.033787
0.044875
0.037642
0.033084
0.032177
0.044694
0.037778
0.035556
0.034014
0.033243
0.033492
0.038617
0.037052
0.041655
0.037596
0.035465
0.037279
0.037143
0.045646
0.049048
0.041111
0.038231
0.038481
0.043515
0.059002
0.033855
0.034308
0.047574
0.037392
0.046508
0.036236
0.034717
0.031791
0.036485
0.032834
0.04907
0.042018
0.05517
0.046009
0.060045
0.031927
0.040181
0.035805
0.035125
0.046304
0.035714
0.053651
0.062993
0.038118
0.040816
0.048435
0.052971
0.035374
0.0322
0.032993
0.041066
0.03263
0.036848
0.046576
0.038141
0.038186
0.032925
0.036508
0.06068
0.037052
0.035329
0.051882
0.058617
0.048594
0.035533
0.032426
0.031973
0.051723
0.040181
0.056825
0.035828
0.046735
0.051293
0.032812
0.032517
0.040476
0.044853
0.058707
0.039206
0.036712
0.037687
0.055079
0.03941
0.045351
0.032812
0.038322
0.045329
0.051519
0.043719
0.036009
0.032517
0.032313
0.047483
0.039342
0.035692
0.062517
0.037664
0.049025
0.045442
0.033946
0.037007
0.034943
0.033424
0.034989
0.0378
0.038095
0.062086
0.047052
0.053356
0.035556
0.035465
0.036576
0.035147
0.036463
0.038912
0.038118
0.04161
0.035261
0.044286
0.033175
0.032789
0.041587
0.045941
0.057347
0.05449
0.039093
0.034172
0.044059
0.052313
0.032018
0.035488
0.058617
0.056304
0.035351
0.036463
0.033946
0.03966
0.041565
0.044354
0.053515
0.043152
0.032358
0.032245
0.048798
0.031905
0.034354
0.038299
0.053537
0.034172
0.034104
0.035964
0.061088
0.03873
0.038549
0.035601
0.037687
0.034082
0.035465
0.035896
0.048776
0.033855
0.04805
0.043152
0.059093
0.0622
0.032472
0.048118
0.034354
0.036871
0.035692
0.034104
0.047052
0.044671
0.031837
0.034853
0.038481
0.04068
0.038231
0.032925
0.033401
0.0339
0.041066
0.032222
0.05551
0.033492
0.033107
0.050363
0.059093
0.053515
0.032018
0.034286
0.034535
0.046848
0.061338
0.03424
0.031791
0.055873
0.037528
0.056168
0.037982
0.037664
0.041043
0.03424
0.03678
0.03288
0.037937
0.038526
0.032834
0.036417
0.037982
0.033401
0.059546
0.050952
0.032449
0.047778
0.058027
0.051565
0.033447
0.043333
0.045782
0.04
0.04068
0.03678
0.033107
0.032018
0.062812
0.041927
0.032063
0.037324
0.0361
0.053288
0.03254
0.035306
0.032222
0.042993
0.058798
0.036916
0.040522
0.032857
0.043243
0.032676
0.032721
0.047347
0.040045
0.041179
0.052404
0.051814
0.03873
0.04771
0.035646
0.033447
0.03415
0.046054
0.033696
0.060975
0.033923
0.049977
0.032971
0.032472
0.050227
0.035964
0.032086
0.041179
0.032426
0.037664
0.039841
0.044286
0.037551
0.062925
0.042676
0.041224
0.046009
0.036463
0.034286
0.034308
0.059456
0.05102
0.036576
0.056961
0.039909
0.03941
0.042404
0.041519
0.044195
0.031859
0.04619
0.061315
0.034286
0.056939
0.039909
0.039433
0.032698
0.033311
0.036349
0.039161
0.05932
0.034762
0.031814
0.037075
0.03195
0.031837
0.031791
0.037914
0.031973
0.048934
0.03712
0.041542
0.035918
0.061247
0.039093
0.046553
0.044603
0.036621
0.048118
0.053469
0.032494
0.039819
0.04127
0.061224
0.045102
0.031882
0.047982
0.033175
0.04542
0.040998
0.048027
0.038073
0.043401
0.035057
0.06229
0.039478
0.048413
0.03585
0.048322
0.039138
0.043243
0.037143
0.03771
0.038458
0.035805
0.039546
0.03424
0.040295
0.039048
0.040045
0.059909
0.036327
0.035147
0.03932
0.03941
0.034875
0.043832
0.048095
0.036032
0.055896
0.03195
0.035011
0.041451
0.03229
0.039297
0.049365
0.035329
0.053787
0.039161
0.058299
0.059048
0.039932
0.0339
0.040272
0.044308
0.031791
0.037188
0.05449
0.046259
0.045488
0.036213
0.042245
0.049773
0.036304
0.038571
0.063583
0.035351
0.034308
0.032744
0.049365
0.04712
0.062925
0.036168
0.032041
0.047687
0.032925
0.038889
0.059184
0.031837
0.040567
0.057324
0.056032
0.034263
0.032018
0.032336
0.033651
0.050998
0.036893
0.042744
0.036916
0.032676
0.035782
0.036803
0.038798
0.033492
0.040113
0.050113
0.062358
0.061474
0.035669
0.032993
0.046621
0.035828
0.063129
0.034512
0.035941
0.041293
0.049773
0.053469
0.034558
0.050839
0.037438
0.054558
0.031995
0.053175
0.057891
0.037029
0.04093
0.034014
0.056417
0.038435
0.039365
0.05576
0.047007
0.039048
0.047347
0.03712
0.049705
0.057755
0.032222
0.035556
0.06195
0.045556
0.034535
0.036576
0.055034
0.055215
0.045215
0.058889
0.040952
0.05356
0.049796
0.032993
0.034785
0.033243
0.036327
0.049546
0.033061
0.05771
0.032744
0.050567
0.03254
0.033741
0.051519
0.036553
0.03322
0.037574
0.041927
0.04161
0.049501
0.03254
0.038685
0.036259
0.038549
0.041723
0.046689
0.043787
0.040522
0.036803
0.049546
0.052336
0.048526
0.034649
0.06288
0.034535
0.034649
0.043787
0.063379
0.052449
0.034739
0.04195
0.035261
0.049025
0.048322
0.040045
0.033968
0.041066
0.046553
0.031973
0.03322
0.033356
0.037483
0.045079
0.032585
0.031905
0.039819
0.040227
0.037868
0.03619
0.043515
0.044966
0.033991
0.036803
0.033673
0.033605
0.057506
0.039819
0.041406
0.032245
0.059977
0.034694
0.032381
0.031769
0.045351
0.037234
0.051179
0.063129
0.037234
0.04263
0.05932
0.03619
0.035737
0.063016
0.036871
0.047188
0.04229
0.037619
0.033605
0.033741
0.031882
0.050612
0.053469
0.032177
0.03644
0.045261
0.061451
0.034535
0.042404
0.045918
0.057959
0.045465
0.034059
0.051383
0.032789
0.047642
0.040612
0.039864
0.041179
0.032268
0.045692
0.036236
0.036372
0.036213
0.038844
0.050975
0.052608
0.038639
0.032494
0.032063
0.037778
0.048798
0.038005
0.036984
0.049615
0.042245
0.041429
0.03322
0.056032
0.03898
0.042449
0.034444
0.034512
0.031973
0.036984
0.041111
0.032857
0.032789
0.031791
0.033356
0.035556
0.043469
0.03839
0.063537
0.040635
0.04551
0.051361
0.03898
0.04034
0.059909
0.055578
0.034036
0.031837
0.05
0.040068
0.037279
0.044558
0.045261
0.03381
0.042404
0.033923
0.031814
0.031905
0.032744
0.033424
0.032902
0.031995
0.039002
0.032721
0.031769
0.031882
0.031927
0.033356
0.032608
0.032268
0.056848
0.031927
0.044036
0.032789
0.032608
0.031769
0.031769
0.032517
0.031995
0.03254
0.032086
0.03254
0.031905
0.032721
0.033152
0.031859
0.032018
0.032381
0.035896
0.031837
0.047279
0.032744
0.040476
0.056531
0.031791
0.031814
0.03517
0.032812
0.032041
0.03195
0.031973
0.031837
0.031769
0.032154
0.032358
0.031905
0.032109
0.058277
0.031769
0.032154
0.03288
0.042517
0.031814
0.033039
0.032086
0.035488
0.032698
0.031927
0.0378
0.033039
0.03229
0.032086
0.032268
0.032585
0.03229
0.032086
0.046553
0.031791
0.061927
0.03263
0.033583
0.03195
0.061678
0.033696
0.032971
0.032268
0.043039
0.033039
0.032449
0.032585
0.031995
0.032018
0.032698
0.031791
0.032063
0.031814
0.0322
0.031837
0.061315
0.031905
0.032063
0.051814
0.032653
0.031905
0.032449
0.03229
0.031882
0.032132
0.033197
0.033492
0.033175
0.032109
0.033492
0.055011
0.032268
0.031973
0.032381
0.03195
0.034785
0.032834
0.033673
0.033832
0.035193
0.032086
0.031973
0.033197
0.055102
0.033084
0.032517
0.032834
0.033628
0.031814
0.03322
0.036621
0.031769
0.039615
0.032676
0.033719
0.033129
0.034354
0.032063
0.032404
0.033379
0.031995
0.03254
0.048254
0.038322
0.03195
0.03229
0.032086
0.031769
0.03195
0.054127
0.032789
0.032222
0.032222
0.031927
0.038322
0.032449
0.032109
0.05737
0.033175
0.032313
0.032653
0.051156
0.033061
0.046009
0.032154
0.043469
0.034943
0.032517
0.043651
0.032971
0.031995
0.031995
0.032063
0.032381
0.032154
0.033288
0.032812
0.032132
0.032358
0.032925
0.032834
0.033084
0.031927
0.040408
0.032109
0.03263
0.034127
0.033129
0.052472
0.031769
0.033991
0.032041
0.032245
0.031927
0.032041
0.033424
0.032404
0.032222
0.032812
0.031791
0.033175
0.03195
0.032154
0.032222
0.032676
0.031973
0.032948
0.033175
0.032336
0.032404
0.033946
0.049569
0.033855
0.032041
0.051088
0.032381
0.052902
0.033061
0.061474
0.033628
0.032426
0.032358
0.035283
0.031769
0.0322
0.031859
0.033424
0.051587
0.032404
0.032086
0.03254
0.03195
0.032857
0.03263
0.033968
0.031995
0.032857
0.032313
0.032177
0.034853
0.049456
0.032766
0.037959
0.03619
0.032041
0.031791
0.032789
0.032766
0.032313
0.032834
0.032653
0.032721
0.031814
0.032902
0.032063
0.033311
0.033764
0.033878
0.032812
0.032789
0.031769
0.031905
0.032426
0.034263
0.052494
0.03898
0.032154
0.033832
0.031791
0.032812
0.033197
0.031859
0.031859
0.033152
0.032268
0.034014
0.0322
0.031769
0.031837
0.032562
0.031814
0.032721
0.032154
0.031859
0.032404
0.032812
0.0322
0.031882
0.032041
0.031791
0.04288
0.031882
0.032086
0.035283
0.033152
0.032041
0.033469
0.031882
0.032676
0.032472
0.032902
0.032245
0.032585
0.038186
0.033107
0.032086
0.032358
0.032109
0.040499
0.03263
0.035397
0.033651
0.033152
0.031973
0.031837
0.035488
0.046485
0.032086
0.033288
0.032517
0.06068
0.03424
0.032018
0.032177
0.032018
0.032653
0.032517
0.031995
0.031927
0.033152
0.031837
0.031973
0.031927
0.03288
0.032222
0.032608
0.031791
0.031859
0.03229
0.040794
0.03195
0.033401
0.032517
0.033424
0.031973
0.034331
0.032336
0.032268
0.032721
0.031973
0.033401
0.035941
0.033175
0.032585
0.037188
0.031814
0.0322
0.031769
0.034853
0.032608
0.031769
0.032018
0.031859
0.032109
0.034036
0.032812
0.033311
0.0322
0.032608
0.032336
0.032426
0.031769
0.033651
0.033288
0.033265
0.031995
0.033265
0.032812
0.032404
0.03195
0.032993
0.031769
0.032449
0.031927
0.033016
0.031769
0.032744
0.033039
0.035714
0.034127
0.0322
0.032517
0.032676
0.034127
0.032812
0.032562
0.035034
0.032472
0.041995
0.033039
0.032404
0.032358
0.032494
0.032041
0.033107
0.032177
0.035374
0.032041
0.032404
0.032336
0.032336
0.031995
0.032041
0.033447
0.032154
0.034036
0.038821
0.032313
0.048481
0.032562
0.031905
0.033946
0.032404
0.032132
0.032222
0.032063
0.032948
0.033515
0.032562
0.036689
0.031791
0.032063
0.034649
0.031769
0.037438
0.031995
0.038163
0.032086
0.055329
0.031814
0.033991
0.032268
0.03229
0.055918
0.045646
0.031814
0.035964
0.031927
0.032562
0.034376
0.032766
0.03288
0.034626
0.032132
0.035828
0.031927
0.031882
0.032404
0.033492
0.032902
0.034807
0.032336
0.044308
0.035261
0.03195
0.032245
0.033719
0.03195
0.035601
0.060522
0.032608
0.033719
0.032154
0.033424
0.032086
0.036667
0.032109
0.033265
0.033288
0.032132
0.041429
0.040363
0.032676
0.032789
0.03254
0.033084
0.063175
0.031882
0.042154
0.034535
0.049433
0.031837
0.032585
0.033016
0.033379
0.03254
0.032018
0.03517
0.033673
0.051791
0.031769
0.032744
0.031769
0.035147
0.031814
0.032063
0.03254
0.031927
0.035238
0.037029
0.032086
0.032177
0.038277
0.034172
0.032404
0.034966
0.031882
0.044921
0.04195
0.032404
0.036281
0.032494
0.032426
0.032154
0.034535
0.033855
0.031791
0.033084
0.032245
0.031882
0.034014
0.032041
0.035714
0.049819
0.031837
0.032268
0.034694
0.034059
0.033288
0.032993
0.040748
0.032404
0.033605
0.032449
0.031905
0.037891
0.031769
0.057687
0.032222
0.047574
0.032449
0.031837
0.031859
0.032063
0.033152
0.032177
0.032426
0.032698
0.050522
0.032676
0.034739
0.0322
0.031791
0.032993
0.04034
0.032653
0.033401
0.060884
0.03254
0.034671
0.032177
0.032834
0.033605
0.032086
0.031859
0.032063
0.03449
0.034014
0.032086
0.042653
0.032449
0.031973
0.031905
0.031927
0.033401
0.032925
0.032812
0.032449
0.032063
0.03229
0.037438
0.031882
0.032132
0.032925
0.03195
0.061565
0.032313
0.033628
0.032358
0.03322
0.05483
0.03263
0.031837
0.031905
0.032404
0.032268
0.032041
0.031927
0.035011
0.032358
0.032698
0.031973
0.050385
0.031882
0.03254
0.032109
0.032313
0.05356
0.031859
0.034422
0.033515
0.033129
0.032041
0.031927
0.032834
0.032948
0.032449
0.032653
0.032018
0.031927
0.054875
0.031995
0.032902
0.035692
0.032789
0.03322
0.031859
0.032404
0.032222
0.03678
0.032925
0.031837
0.051678
0.032925
0.03966
0.043878
0.032109
0.033719
0.03424
0.03381
0.032336
0.031927
0.032336
0.033129
0.0322
0.034853
0.033039
0.056213
0.031791
0.0339
0.031859
0.032676
0.032902
0.032222
0.032517
0.034694
0.032517
0.032222
0.032766
0.044603
0.0322
0.032925
0.032268
0.032744
0.035215
0.032721
0.035351
0.049705
0.032177
0.031995
0.03195
0.031859
0.032154
0.032268
0.032834
0.03254
0.033129
0.031882
0.032132
0.032177
0.034739
0.056689
0.032857
0.049433
0.032268
0.032086
0.03458
0.03195
0.032063
0.031905
0.032154
0.033968
0.031814
0.032721
0.033832
0.03195
0.031769
0.032222
0.032494
0.034762
0.032812
0.032268
0.032653
0.033084
0.032426
0.050839
0.050272
0.031995
0.033628
0.040476
0.053016
0.035011
0.032245
0.033061
0.033084
0.032653
0.032857
0.032177
0.0322
0.03381
0.043878
0.032653
0.032132
0.033515
0.033605
0.031973
0.031769
0.032358
0.033152
0.033673
0.032925
0.035578
0.034898
0.036984
0.032948
0.031882
0.032381
0.033243
0.032517
0.032494
0.033197
0.031814
0.032653
0.032971
0.033061
0.032041
0.035011
0.031927
0.034966
0.033129
0.045079
0.032426
0.060522
0.037256
0.034626
0.031927
0.032698
0.032517
0.033832
0.032086
0.0322
0.031882
0.031995
0.031791
0.032086
0.031905
0.033991
0.03229
0.032063
0.031814
0.050794
0.031927
0.033855
0.037868
0.04381
0.0322
0.032336
0.032109
0.032812
0.032494
0.031814
0.032109
0.032132
0.033741
0.034036
0.034649
0.031791
0.032245
0.031882
0.031973
0.032834
0.033401
0.032517
0.031837
0.032041
0.032177
0.033333
0.033537
0.03381
0.032018
0.031995
0.034104
0.032063
0.033311
0.032245
0.036599
0.032222
0.03263
0.039728
0.031814
0.032562
0.033039
0.032154
0.032086
0.043878
0.034036
0.048435
0.042086
0.050136
0.040363
0.037778
0.038889
0.034739
0.036122
0.042993
0.038481
0.034127
0.062245
0.033401
0.036848
0.035011
0.03288
0.039637
0.045669
0.033197
0.0478
0.03195
0.033197
0.037211
0.031973
0.052812
0.033311
0.036077
0.034376
0.043968
0.042948
0.045306
0.034626
0.043016
0.045079
0.032494
0.047188
0.034512
0.061361
0.033764
0.041701
0.060522
0.060317
0.031882
0.038367
0.0361
0.031995
0.051088
0.032358
0.034966
0.034762
0.050748
0.033991
0.047755
0.051451
0.041791
0.036599
0.033583
0.038254
0.033515
0.037687
0.03619
0.032381
0.061338
0.037415
0.058231
0.033197
0.06093
0.035397
0.034467
0.034331
0.034331
0.032358
0.038776
0.036735
0.036621
0.033288
0.045193
0.040181
0.059229
0.059569
0.042789
0.034376
0.034331
0.048685
0.041043
0.060726
0.037211
0.041134
0.040385
0.040227
0.046621
0.047846
0.037415
0.038571
0.032494
0.036236
0.03254
0.035261
0.04839
0.033673
0.037982
0.038662
0.043447
0.039909
0.043469
0.045488
0.036757
0.044354
0.031973
0.053084
0.043628
0.05517
0.031859
0.034082
0.045782
0.033878
0.035488
0.045578
0.046168
0.048322
0.037052
0.040385
0.031882
0.032698
0.041519
0.055556
0.043424
0.048639
0.036667
0.034717
0.040181
0.050703
0.042494
0.057234
0.03356
0.041655
0.032177
0.036395
0.031882
0.039184
0.033288
0.043061
0.038639
0.031814
0.034921
0.042676
0.038844
0.042154
0.042449
0.061497
0.031814
0.0561
0.039206
0.034921
0.045193
0.055646
0.039184
0.040952
0.05424
0.037075
0.061451
0.041519
0.043946
0.032358
0.04907
0.058118
0.039546
0.049819
0.047596
0.061995
0.052086
0.062177
0.036621
0.051361
0.056417
0.033696
0.038549
0.032494
0.038322
0.032608
0.03458
0.037415
0.037188
0.037075
0.040431
0.037732
0.049683
0.052154
0.06195
0.033197
0.05839
0.040884
0.051542
0.04
0.036122
0.032041
0.042653
0.041179
0.037732
0.037188
0.03619
0.032971
0.051156
0.033288
0.032358
0.038776
0.050363
0.034558
0.036757
0.047914
0.037392
0.045102
0.032698
0.035737
0.033515
0.034739
0.03322
0.035918
0.045397
0.042834
0.032676
0.037732
0.032313
0.035329
0.056168
0.048163
0.055782
0.037324
0.037528
0.032426
0.043084
0.031859
0.034172
0.062449
0.039637
0.033741
0.036213
0.04288
0.03449
0.037415
0.038707
0.053764
0.059751
0.038866
0.058776
0.050476
0.03576
0.04424
0.033696
0.035079
0.042358
0.042222
0.04102
0.050091
0.032154
0.04102
0.034308
0.049932
0.033492
0.040816
0.05356
0.035329
0.046984
0.03746
0.049002
0.036009
0.032177
0.05873
0.048254
0.033696
0.037075
0.033129
0.040363
0.038503
0.038367
0.04093
0.045011
0.044603
0.054036
0.032902
0.035283
0.033265
0.03322
0.040385
0.035306
0.033651
0.035034
0.040658
0.032063
0.036644
0.042109
0.033084
0.033832
0.032766
0.054467
0.061429
0.032245
0.032109
0.038866
0.041519
0.046145
0.049932
0.03678
0.042018
0.034762
0.032948
0.033923
0.054308
0.058844
0.040839
0.033107
0.042517
0.03712
0.034172
0.053311
0.034535
0.054467
0.037324
0.033787
0.041111
0.046485
0.047664
0.047596
0.045351
0.040748
0.060204
0.057098
0.050567
0.036848
0.031995
0.041111
0.036281
0.04127
0.05059
0.050204
0.061202
0.042381
0.042109
0.063469
0.045692
0.046893
0.034422
0.039728
0.057392
0.044875
0.047778
0.047891
0.038186
0.035351
0.047937
0.032358
0.04093
0.044104
0.038662
0.055986
0.032245
0.032177
0.032426
0.03449
0.063628
0.0522
0.063311
0.031973
0.04068
0.032268
0.040522
0.033311
0.033061
0.038844
0.045215
0.037868
0.044104
0.040204
0.033741
0.038571
0.052268
0.046531
0.04034
0.05898
0.044626
0.043039
0.050091
0.036893
0.033719
0.034059
0.057823
0.034671
0.033243
0.048821
0.035669
0.034354
0.046417
0.045646
0.036848
0.032585
0.032426
0.034694
0.056712
0.036576
0.040839
0.046349
0.040975
0.035714
0.039977
0.050272
0.036825
0.036599
0.048458
0.032381
0.032245
0.057075
0.033129
0.035692
0.037347
0.035011
0.05195
0.039615
0.03873
0.039728
0.059909
0.033583
0.052404
0.045147
0.036009
0.050998
0.034717
0.050635
0.032653
0.035782
0.05517
0.031882
0.038095
0.045624
0.03932
0.032698
0.052993
0.035714
0.054898
0.049592
0.051383
0.034059
0.03415
0.034467
0.046984
0.061678
0.037642
0.059751
0.046984
0.03263
0.034331
0.034966
0.055261
0.033878
0.061542
0.032494
0.044943
0.034104
0.05093
0.043515
0.043379
0.039501
0.038889
0.031769
0.053016
0.033991
0.056304
0.051224
0.038186
0.03449
0.043719
0.035782
0.040862
0.043968
0.061587
0.034535
0.047234
0.038526
0.040658
0.038639
0.035238
0.043968
0.0322
0.042993
0.041519
0.031973
0.0361
0.04068
0.060068
0.05161
0.035034
0.035737
0.04966
0.035125
0.034422
0.042222
0.060612
0.036281
0.049274
0.050816
0.032812
0.039615
0.031995
0.033039
0.046644
0.05678
0.03746
0.052154
0.046281
0.038481
0.04449
0.032834
0.032222
0.042109
0.03966
0.031837
0.032789
0.03254
0.032608
0.033832
0.033152
0.05415
0.051678
0.035079
0.038889
0.048413
0.058844
0.045782
0.036667
0.032494
0.035986
0.051882
0.040023
0.051406
0.050431
0.040476
0.048322
0.045578
0.045828
0.032018
0.061587
0.044354
0.031973
0.03873
0.041429
0.035057
0.049093
0.054172
0.050907
0.034717
0.042585
0.053401
0.046939
0.035351
0.032902
0.033401
0.054943
0.046599
0.062789
0.032426
0.033855
0.051383
0.039138
0.032902
0.032721
0.04771
0.040952
0.049025
0.038821
0.037029
0.032041
0.040975
0.037982
0.034444
0.037007
0.032517
0.032744
0.05102
0.034082
0.043424
0.032222
0.032721
0.041837
0.037256
0.048367
0.044014
0.032358
0.039592
0.039615
0.035306
0.041474
0.032426
0.036757
0.038481
0.040998
0.04
0.033696
0.053039
0.032449
0.035737
0.039297
0.058753
0.04288
0.055624
0.038458
0.038934
0.037347
0.044376
0.049093
0.031882
0.035306
0.045238
0.046281
0.051678
0.042426
0.051565
0.032902
0.040476
0.044422
0.037211
0.040113
0.041043
0.057664
0.039955
0.037732
0.036576
0.057891
0.051769
0.035669
0.033605
0.033605
0.03839
0.041451
0.051224
0.043651
0.056236
0.032812
0.04127
0.034195
0.041497
0.050567
0.046032
0.051814
0.045057
0.034286
0.053628
0.05449
0.037664
0.045147
0.037256
0.040385
0.032222
0.031859
0.049229
0.031995
0.055941
0.047823
0.033061
0.045624
0.035669
0.043605
0.031814
0.061927
0.047007
0.036236
0.053447
0.032222
0.04941
0.033515
0.033243
0.034989
0.032653
0.04542
0.034422
0.033651
0.034195
0.040431
0.037256
0.040454
0.050295
0.055261
0.031905
0.032063
0.046757
0.057483
0.051224
0.032109
0.03966
0.039161
0.055057
0.033673
0.031769
0.056259
0.033946
0.0339
0.033129
0.031927
0.041565
0.045578
0.04059
0.037846
0.032381
0.048277
0.034943
0.037392
0.055669
0.058639
0.05195
0.032449
0.032766
0.039887
0.032041
0.036372
0.050567
0.05034
0.036803
0.033333
0.036304
0.032812
0.031791
0.055964
0.045057
0.045034
0.036644
0.049388
0.061179
0.032041
0.033129
0.046463
0.050295
0.032063
0.03619
0.038685
0.038753
0.032177
0.031995
0.051587
0.047302
0.043469
0.033447
0.048005
0.052902
0.033923
0.045714
0.032404
0.038277
0.048934
0.058118
0.047868
0.047098
0.045397
0.057891
0.057211
0.038141
0.032313
0.046009
0.056236
0.036871
0.033288
0.039751
0.052698
0.031927
0.055828
0.038662
0.054422
0.053878
0.033696
0.032472
0.042449
0.032404
0.035215
0.036417
0.035533
0.040907
0.036735
0.036621
0.036667
0.036553
0.036667
0.061361
0.037415
0.045692
0.035964
0.045034
0.044762
0.032857
0.044444
0.032132
0.054626
0.031882
0.041111
0.033129
0.043288
0.041293
0.032585
0.036871
0.053832
0.033447
0.037642
0.033084
0.032313
0.04356
0.051814
0.040113
0.036054
0.03483
0.040726
0.041791
0.032177
0.057234
0.037392
0.040272
0.039161
0.03712
0.032517
0.035578
0.042494
0.040658
0.040907
0.038594
0.033492
0.051655
0.040771
0.053152
0.031927
0.035147
0.049002
0.033265
0.053719
0.063424
0.060068
0.033401
0.031905
0.031814
0.032268
0.040476
0.035465
0.053923
0.032902
0.050499
0.036531
0.032698
0.031882
0.046054
0.04
0.036984
0.040385
0.031973
0.032449
0.035714
0.037778
0.044036
0.041111
0.03619
0.038073
0.0361
0.03254
0.035238
0.032494
0.041723
0.042268
0.058639
0.047914
0.046825
0.032925
0.03576
0.06288
0.039388
0.036032
0.056485
0.059116
0.038231
0.049342
0.049433
0.033492
0.03356
0.031882
0.032041
0.03712
0.032336
0.058571
0.052381
0.055057
0.03263
0.032902
0.037642
0.049093
0.054014
0.034989
0.040658
0.051587
0.052494
0.043968
0.056644
0.035918
0.059206
0.03424
0.047506
0.038367
0.040317
0.046735
0.046871
0.05898
0.032857
0.045306
0.045329
0.050385
0.042698
0.03873
0.048821
0.053968
0.043696
0.038299
0.032358
0.032426
0.033515
0.034966
0.032381
0.043129
0.042993
0.035374
0.032426
0.0339
0.032426
0.040363
0.036236
0.040794
0.051179
0.042608
0.032789
0.049229
0.038594
0.032154
0.054558
0.03712
0.032245
0.03288
0.061633
0.031859
0.031905
0.035374
0.042063
0.032177
0.03585
0.035601
0.041451
0.036621
0.036168
0.040839
0.033583
0.046236
0.040408
0.062177
0.036848
0.0378
0.040408
0.04424
0.032562
0.052063
0.033061
0.059116
0.03229
0.035896
0.042041
0.050317
0.044467
0.038753
0.033333
0.03585
0.040023
0.058798
0.040635
0.034966
0.051837
0.044966
0.05068
0.036621
0.050567
0.05229
0.035737
0.04873
0.032472
0.03678
0.042993
0.059569
0.046576
0.032948
0.031882
0.031769
0.055079
0.048662
0.032177
0.034875
0.037415
0.053832
0.048231
0.058685
0.050726
0.035034
0.032948
0.039433
0.052404
0.040567
0.038481
0.034218
0.040771
0.046599
0.034558
0.050023
0.063061
0.038571
0.035488
0.035873
0.043991
0.032585
0.042971
0.048435
0.040862
0.040499
0.031995
0.031814
0.053107
0.036485
0.050907
0.032857
0.036327
0.033107
0.057188
0.035283
0.032109
0.032449
0.03322
0.033356
0.036259
0.048662
0.035896
0.034331
0.042336
0.034127
0.033016
0.033129
0.038118
0.046803
0.043719
0.043855
0.05161
0.038503
0.048027
0.05551
0.049252
0.036508
0.031791
0.042698
0.033469
0.045714
0.0378
0.044717
0.04542
0.038549
0.037846
0.035215
0.040703
0.060363
0.03195
0.03263
0.033537
0.055283
0.055102
0.039841
0.040726
0.054807
0.040952
0.036644
0.057392
0.033152
0.060295
0.045261
0.057188
0.062517
0.033243
0.032041
0.04898
0.052812
0.042086
0.03542
0.038844
0.05458
0.036961
0.035624
0.04712
0.033605
0.041474
0.040363
0.051723
0.053311
0.043583
0.037528
0.035079
0.034943
0.053968
0.050748
0.039569
0.044853
0.03712
0.032154
0.051383
0.033923
0.06059
0.048912
0.035873
0.031791
0.034104
0.056803
0.039161
0.045896
0.035306
0.049932
0.032381
0.033991
0.034649
0.037166
0.056032
0.032018
0.053968
0.041973
0.049048
0.04229
0.040227
0.04517
0.055442
0.033061
0.032676
0.060839
0.033061
0.034694
0.037007
0.036689
0.040136
0.057937
0.052177
0.057959
0.048685
0.036621
0.036689
0.037347
0.04102
0.04102
0.047143
0.032608
0.032358
0.057959
0.059206
0.031814
0.032063
0.053016
0.049206
0.039546
0.061474
0.047891
0.040907
0.041542
0.033991
0.032608
0.037052
0.040952
0.033583
0.033628
0.038957
0.042993
0.035397
0.056395
0.034898
0.04034
0.040975
0.03839
0.031882
0.045964
0.040113
0.036984
0.04034
0.031995
0.032449
0.035624
0.037891
0.033311
0.051882
0.034558
0.039637
0.031973
0.036667
0.035238
0.032449
0.041769
0.0422
0.052404
0.03966
0.05229
0.032948
0.042313
0.032154
0.033243
0.052812
0.037256
0.041837
0.044127
0.032109
0.037052
0.033424
0.032154
0.045147
0.034603
0.036848
0.061542
0.041791
0.037732
0.035692
0.037415
0.052789
0.032744
0.047143
0.036168
0.046712
0.032381
0.032109
0.03254
0.048435
0.033469
0.047052
0.041383
0.056644
0.033605
0.061519
0.034172
0.047528
0.045442
0.033288
0.035805
0.057778
0.036825
0.03288
0.035102
0.036803
0.040794
0.035873
0.038571
0.032857
0.048866
0.047937
0.043787
0.034853
0.051519
0.042948
0.044558
0.033696
0.054943
0.060272
0.054331
0.043175
0.034399
0.032948
0.034943
0.035488
0.042812
0.0522
0.034376
0.047528
0.044308
0.03932
0.054558
0.04263
0.059637
0.061633
0.046871
0.038277
0.048617
0.036803
0.038753
0.035488
0.041474
0.058526
0.04542
0.043288
0.046145
0.044898
0.0578
0.041179
0.033492
0.042766
0.035079
0.039297
0.03288
0.032222
0.044172
0.034943
0.057574
0.04839
0.04517
0.053878
0.038753
0.03585
0.033197
0.047506
0.048707
0.037143
0.033152
0.034104
0.043243
0.041315
0.039456
0.032517
0.032404
0.041723
0.048141
0.032358
0.031837
0.034853
0.04542
0.034354
0.057188
0.048889
0.04034
0.056349
0.037007
0.035034
0.031791
0.032109
0.03483
0.036281
0.036395
0.040522
0.04093
0.033152
0.061655
0.062404
0.044989
0.04288
0.04288
0.045669
0.035556
0.039433
0.051179
0.053016
0.035238
0.047914
0.034399
0.032902
0.042653
0.033152
0.031791
0.034059
0.034603
0.041406
0.056485
0.03195
0.031837
0.044807
0.04
0.036871
0.045374
0.036599
0.037846
0.033084
